10000 240088.000 647866.000 920.465
10001 240089.000 647866.000 920.619
10002 240090.000 647866.000 920.924
10003 240091.000 647866.000 921.161
10004 240092.000 647866.000 921.240
10005 240093.000 647866.000 921.224
10006 240097.000 647866.000 922.958
10007 240098.000 647866.000 923.730
10008 240099.000 647866.000 924.015
10009 240100.000 647866.000 924.776
10010 240088.000 647867.000 920.525
10011 240089.000 647867.000 920.709
10012 240090.000 647867.000 921.031
10013 240091.000 647867.000 921.240
10014 240092.000 647867.000 921.309
10015 240093.000 647867.000 921.363
10016 240094.000 647867.000 921.421
10017 240095.000 647867.000 921.488
10018 240096.000 647867.000 922.484
10019 240097.000 647867.000 923.442
10020 240098.000 647867.000 923.644
10021 240099.000 647867.000 923.921
10022 240100.000 647867.000 924.569
10023 240101.000 647867.000 925.093
10024 240087.000 647868.000 920.408
10025 240088.000 647868.000 920.585
10026 240089.000 647868.000 920.798
10027 240090.000 647868.000 921.178
10028 240091.000 647868.000 921.318
10029 240092.000 647868.000 921.370
10030 240093.000 647868.000 921.424
10031 240094.000 647868.000 921.481
10032 240095.000 647868.000 921.665
10033 240096.000 647868.000 922.582
10034 240097.000 647868.000 923.460
10035 240098.000 647868.000 923.624
10036 240099.000 647868.000 924.056
10037 240100.000 647868.000 924.496
10038 240101.000 647868.000 925.027
10039 240087.000 647869.000 920.468
10040 240088.000 647869.000 920.645
10041 240089.000 647869.000 920.931
10042 240090.000 647869.000 921.320
10043 240091.000 647869.000 921.379
10044 240092.000 647869.000 921.431
10045 240093.000 647869.000 921.485
10046 240094.000 647869.000 921.522
10047 240095.000 647869.000 921.736
10048 240096.000 647869.000 922.600
10049 240097.000 647869.000 923.451
10050 240098.000 647869.000 923.738
10051 240099.000 647869.000 924.105
10052 240100.000 647869.000 924.496
10053 240101.000 647869.000 924.989
10054 240087.000 647870.000 920.537
10055 240088.000 647870.000 920.714
10056 240089.000 647870.000 921.088
10057 240090.000 647870.000 921.384
10058 240091.000 647870.000 921.444
10059 240092.000 647870.000 921.492
10060 240093.000 647870.000 921.542
10061 240094.000 647870.000 921.523
10062 240095.000 647870.000 921.608
10063 240096.000 647870.000 922.564
10064 240097.000 647870.000 923.431
10065 240098.000 647870.000 923.713
10066 240099.000 647870.000 924.062
10067 240100.000 647870.000 924.506
10068 240101.000 647870.000 924.967
10069 240086.000 647871.000 920.422
10070 240087.000 647871.000 920.606
10071 240088.000 647871.000 920.874
10072 240089.000 647871.000 921.230
10073 240090.000 647871.000 921.414
10074 240091.000 647871.000 921.515
10075 240092.000 647871.000 921.605
10076 240093.000 647871.000 921.567
10077 240094.000 647871.000 921.508
10078 240095.000 647871.000 921.853
10079 240096.000 647871.000 922.800
10080 240097.000 647871.000 923.358
10081 240098.000 647871.000 923.621
10082 240099.000 647871.000 924.068
10083 240100.000 647871.000 924.510
10084 240101.000 647871.000 924.925
10085 240086.000 647872.000 920.494
10086 240087.000 647872.000 920.678
10087 240088.000 647872.000 921.034
10088 240089.000 647872.000 921.343
10089 240090.000 647872.000 921.463
10090 240091.000 647872.000 921.560
10091 240092.000 647872.000 921.624
10092 240093.000 647872.000 921.559
10093 240094.000 647872.000 921.512
10094 240095.000 647872.000 921.991
10095 240096.000 647872.000 923.051
10096 240097.000 647872.000 923.312
10097 240098.000 647872.000 923.633
10098 240099.000 647872.000 924.047
10099 240100.000 647872.000 924.474
10100 240101.000 647872.000 924.888
10101 240085.000 647873.000 920.361
10102 240086.000 647873.000 920.566
10103 240087.000 647873.000 920.838
10104 240088.000 647873.000 921.150
10105 240089.000 647873.000 921.385
10106 240090.000 647873.000 921.512
10107 240091.000 647873.000 921.636
10108 240092.000 647873.000 921.635
10109 240093.000 647873.000 921.575
10110 240094.000 647873.000 921.559
10111 240095.000 647873.000 922.127
10112 240096.000 647873.000 923.037
10113 240097.000 647873.000 923.319
10114 240098.000 647873.000 923.646
10115 240099.000 647873.000 924.054
10116 240100.000 647873.000 924.458
10117 240101.000 647873.000 924.911
10118 240085.000 647874.000 920.433
10119 240086.000 647874.000 920.642
10120 240087.000 647874.000 920.950
10121 240088.000 647874.000 921.257
10122 240089.000 647874.000 921.426
10123 240090.000 647874.000 921.564
10124 240091.000 647874.000 921.671
10125 240092.000 647874.000 921.647
10126 240093.000 647874.000 921.617
10127 240094.000 647874.000 921.583
10128 240095.000 647874.000 922.278
10129 240096.000 647874.000 923.165
10130 240097.000 647874.000 923.349
10131 240098.000 647874.000 923.685
10132 240099.000 647874.000 924.070
10133 240100.000 647874.000 924.462
10134 240084.000 647875.000 920.300
10135 240085.000 647875.000 920.504
10136 240086.000 647875.000 920.715
10137 240087.000 647875.000 921.034
10138 240088.000 647875.000 921.331
10139 240089.000 647875.000 921.474
10140 240090.000 647875.000 921.651
10141 240091.000 647875.000 921.703
10142 240092.000 647875.000 921.672
10143 240093.000 647875.000 921.634
10144 240094.000 647875.000 921.686
10145 240095.000 647875.000 922.436
10146 240096.000 647875.000 923.332
10147 240097.000 647875.000 923.403
10148 240098.000 647875.000 923.736
10149 240099.000 647875.000 924.111
10150 240100.000 647875.000 924.545
10151 240084.000 647876.000 920.372
10152 240085.000 647876.000 920.575
10153 240086.000 647876.000 920.784
10154 240087.000 647876.000 921.103
10155 240088.000 647876.000 921.353
10156 240089.000 647876.000 921.524
10157 240090.000 647876.000 921.662
10158 240091.000 647876.000 921.703
10159 240092.000 647876.000 921.676
10160 240093.000 647876.000 921.638
10161 240094.000 647876.000 921.719
10162 240095.000 647876.000 922.494
10163 240096.000 647876.000 923.365
10164 240097.000 647876.000 923.419
10165 240098.000 647876.000 923.750
10166 240099.000 647876.000 924.185
10167 240100.000 647876.000 924.597
10168 240084.000 647877.000 920.443
10169 240085.000 647877.000 920.646
10170 240086.000 647877.000 920.854
10171 240087.000 647877.000 921.173
10172 240088.000 647877.000 921.374
10173 240089.000 647877.000 921.574
10174 240090.000 647877.000 921.666
10175 240091.000 647877.000 921.701
10176 240092.000 647877.000 921.681
10177 240093.000 647877.000 921.640
10178 240094.000 647877.000 921.751
10179 240095.000 647877.000 922.460
10180 240096.000 647877.000 923.392
10181 240097.000 647877.000 923.400
10182 240098.000 647877.000 923.658
10183 240099.000 647877.000 924.143
10184 240100.000 647877.000 924.632
10185 240101.000 647877.000 924.938
10186 240083.000 647878.000 920.314
10187 240084.000 647878.000 920.514
10188 240085.000 647878.000 920.717
10189 240086.000 647878.000 920.924
10190 240087.000 647878.000 921.195
10191 240088.000 647878.000 921.395
10192 240089.000 647878.000 921.590
10193 240090.000 647878.000 921.669
10194 240091.000 647878.000 921.698
10195 240092.000 647878.000 921.681
10196 240093.000 647878.000 921.633
10197 240094.000 647878.000 921.811
10198 240095.000 647878.000 922.531
10199 240096.000 647878.000 923.419
10200 240097.000 647878.000 923.381
10201 240098.000 647878.000 923.633
10202 240099.000 647878.000 924.042
10203 240100.000 647878.000 924.659
10204 240101.000 647878.000 924.963
10205 240083.000 647879.000 920.386
10206 240084.000 647879.000 920.585
10207 240085.000 647879.000 920.788
10208 240086.000 647879.000 920.993
10209 240087.000 647879.000 921.214
10210 240088.000 647879.000 921.409
10211 240089.000 647879.000 921.606
10212 240090.000 647879.000 921.666
10213 240091.000 647879.000 921.708
10214 240092.000 647879.000 921.693
10215 240093.000 647879.000 921.644
10216 240094.000 647879.000 921.870
10217 240095.000 647879.000 922.602
10218 240096.000 647879.000 923.412
10219 240097.000 647879.000 923.364
10220 240098.000 647879.000 923.554
10221 240099.000 647879.000 923.949
10222 240100.000 647879.000 924.474
10223 240101.000 647879.000 924.961
10224 240083.000 647880.000 920.460
10225 240084.000 647880.000 920.644
10226 240085.000 647880.000 920.826
10227 240086.000 647880.000 921.037
10228 240087.000 647880.000 921.227
10229 240088.000 647880.000 921.422
10230 240089.000 647880.000 921.625
10231 240090.000 647880.000 921.681
10232 240091.000 647880.000 921.718
10233 240092.000 647880.000 921.706
10234 240093.000 647880.000 921.655
10235 240094.000 647880.000 921.924
10236 240095.000 647880.000 922.613
10237 240096.000 647880.000 923.399
10238 240097.000 647880.000 923.386
10239 240098.000 647880.000 923.435
10240 240099.000 647880.000 923.831
10241 240100.000 647880.000 924.287
10242 240101.000 647880.000 924.704
10243 240082.000 647881.000 920.337
10244 240083.000 647881.000 920.535
10245 240084.000 647881.000 920.694
10246 240085.000 647881.000 920.850
10247 240086.000 647881.000 921.060
10248 240087.000 647881.000 921.219
10249 240088.000 647881.000 921.433
10250 240089.000 647881.000 921.644
10251 240090.000 647881.000 921.698
10252 240091.000 647881.000 921.727
10253 240092.000 647881.000 921.719
10254 240093.000 647881.000 921.669
10255 240094.000 647881.000 921.972
10256 240095.000 647881.000 922.690
10257 240096.000 647881.000 923.393
10258 240097.000 647881.000 923.407
10259 240098.000 647881.000 923.421
10260 240099.000 647881.000 923.705
10261 240100.000 647881.000 923.959
10262 240101.000 647881.000 924.362
10263 240102.000 647881.000 924.719
10264 240082.000 647882.000 920.412
10265 240083.000 647882.000 920.610
10266 240084.000 647882.000 920.744
10267 240085.000 647882.000 920.873
10268 240086.000 647882.000 921.082
10269 240087.000 647882.000 921.238
10270 240088.000 647882.000 921.419
10271 240089.000 647882.000 921.656
10272 240090.000 647882.000 921.712
10273 240091.000 647882.000 921.717
10274 240092.000 647882.000 921.730
10275 240093.000 647882.000 921.684
10276 240094.000 647882.000 921.999
10277 240095.000 647882.000 922.745
10278 240096.000 647882.000 923.354
10279 240097.000 647882.000 923.422
10280 240098.000 647882.000 923.437
10281 240099.000 647882.000 923.664
10282 240100.000 647882.000 923.843
10283 240101.000 647882.000 924.015
10284 240102.000 647882.000 924.285
10285 240103.000 647882.000 924.667
10286 240081.000 647883.000 920.290
10287 240082.000 647883.000 920.486
10288 240083.000 647883.000 920.684
10289 240084.000 647883.000 920.794
10290 240085.000 647883.000 920.899
10291 240086.000 647883.000 921.105
10292 240087.000 647883.000 921.260
10293 240088.000 647883.000 921.415
10294 240089.000 647883.000 921.658
10295 240090.000 647883.000 921.700
10296 240091.000 647883.000 921.722
10297 240092.000 647883.000 921.742
10298 240093.000 647883.000 921.700
10299 240094.000 647883.000 921.976
10300 240095.000 647883.000 922.772
10301 240096.000 647883.000 923.284
10302 240097.000 647883.000 923.434
10303 240098.000 647883.000 923.453
10304 240099.000 647883.000 923.851
10305 240100.000 647883.000 924.135
10306 240101.000 647883.000 924.372
10307 240102.000 647883.000 924.501
10308 240103.000 647883.000 924.520
10309 240081.000 647884.000 920.364
10310 240082.000 647884.000 920.561
10311 240083.000 647884.000 920.740
10312 240084.000 647884.000 920.844
10313 240085.000 647884.000 920.949
10314 240086.000 647884.000 921.127
10315 240087.000 647884.000 921.283
10316 240088.000 647884.000 921.438
10317 240089.000 647884.000 921.661
10318 240090.000 647884.000 921.711
10319 240091.000 647884.000 921.741
10320 240092.000 647884.000 921.753
10321 240093.000 647884.000 921.691
10322 240094.000 647884.000 921.953
10323 240095.000 647884.000 922.771
10324 240096.000 647884.000 923.214
10325 240097.000 647884.000 923.365
10326 240098.000 647884.000 923.616
10327 240099.000 647884.000 924.015
10328 240100.000 647884.000 924.413
10329 240101.000 647884.000 924.714
10330 240102.000 647884.000 924.716
10331 240103.000 647884.000 924.736
10332 240104.000 647884.000 924.768
10333 240081.000 647885.000 920.439
10334 240082.000 647885.000 920.635
10335 240083.000 647885.000 920.790
10336 240084.000 647885.000 920.894
10337 240085.000 647885.000 920.999
10338 240086.000 647885.000 921.150
10339 240087.000 647885.000 921.305
10340 240088.000 647885.000 921.446
10341 240089.000 647885.000 921.585
10342 240090.000 647885.000 921.729
10343 240091.000 647885.000 921.759
10344 240092.000 647885.000 921.764
10345 240093.000 647885.000 921.677
10346 240094.000 647885.000 921.933
10347 240095.000 647885.000 922.715
10348 240096.000 647885.000 923.188
10349 240097.000 647885.000 923.358
10350 240098.000 647885.000 923.657
10351 240099.000 647885.000 924.148
10352 240100.000 647885.000 924.556
10353 240101.000 647885.000 925.058
10354 240102.000 647885.000 925.139
10355 240103.000 647885.000 924.916
10356 240104.000 647885.000 924.779
10357 240080.000 647886.000 920.317
10358 240081.000 647886.000 920.513
10359 240082.000 647886.000 920.710
10360 240083.000 647886.000 920.840
10361 240084.000 647886.000 920.944
10362 240085.000 647886.000 921.049
10363 240086.000 647886.000 921.172
10364 240087.000 647886.000 921.305
10365 240088.000 647886.000 921.420
10366 240089.000 647886.000 921.535
10367 240090.000 647886.000 921.735
10368 240091.000 647886.000 921.772
10369 240092.000 647886.000 921.775
10370 240093.000 647886.000 921.668
10371 240094.000 647886.000 921.916
10372 240095.000 647886.000 922.621
10373 240096.000 647886.000 923.176
10374 240097.000 647886.000 923.387
10375 240098.000 647886.000 923.661
10376 240099.000 647886.000 924.152
10377 240100.000 647886.000 924.643
10378 240101.000 647886.000 925.109
10379 240102.000 647886.000 925.239
10380 240103.000 647886.000 925.000
10381 240104.000 647886.000 924.743
10382 240080.000 647887.000 920.372
10383 240081.000 647887.000 920.567
10384 240082.000 647887.000 920.762
10385 240083.000 647887.000 920.879
10386 240084.000 647887.000 920.984
10387 240085.000 647887.000 921.090
10388 240086.000 647887.000 921.170
10389 240087.000 647887.000 921.282
10390 240088.000 647887.000 921.397
10391 240089.000 647887.000 921.507
10392 240090.000 647887.000 921.743
10393 240091.000 647887.000 921.775
10394 240092.000 647887.000 921.779
10395 240093.000 647887.000 921.676
10396 240094.000 647887.000 921.876
10397 240095.000 647887.000 922.426
10398 240096.000 647887.000 923.075
10399 240097.000 647887.000 923.416
10400 240098.000 647887.000 923.665
10401 240099.000 647887.000 924.156
10402 240100.000 647887.000 924.623
10403 240101.000 647887.000 925.042
10404 240102.000 647887.000 925.094
10405 240103.000 647887.000 924.829
10406 240104.000 647887.000 924.647
10407 240105.000 647887.000 924.632
10408 240079.000 647888.000 920.246
10409 240080.000 647888.000 920.424
10410 240081.000 647888.000 920.613
10411 240082.000 647888.000 920.808
10412 240083.000 647888.000 920.913
10413 240084.000 647888.000 921.019
10414 240085.000 647888.000 921.100
10415 240086.000 647888.000 921.166
10416 240087.000 647888.000 921.260
10417 240088.000 647888.000 921.375
10418 240089.000 647888.000 921.473
10419 240090.000 647888.000 921.735
10420 240091.000 647888.000 921.775
10421 240092.000 647888.000 921.780
10422 240093.000 647888.000 921.690
10423 240094.000 647888.000 921.855
10424 240095.000 647888.000 922.256
10425 240096.000 647888.000 922.782
10426 240097.000 647888.000 923.278
10427 240098.000 647888.000 923.668
10428 240099.000 647888.000 924.090
10429 240100.000 647888.000 924.497
10430 240101.000 647888.000 924.903
10431 240102.000 647888.000 925.200
10432 240103.000 647888.000 924.702
10433 240104.000 647888.000 924.557
10434 240105.000 647888.000 924.530
10435 240079.000 647889.000 920.300
10436 240080.000 647889.000 920.478
10437 240081.000 647889.000 920.660
10438 240082.000 647889.000 920.843
10439 240083.000 647889.000 920.948
10440 240084.000 647889.000 921.029
10441 240085.000 647889.000 921.095
10442 240086.000 647889.000 921.162
10443 240087.000 647889.000 921.239
10444 240088.000 647889.000 921.352
10445 240089.000 647889.000 921.440
10446 240090.000 647889.000 921.516
10447 240091.000 647889.000 921.757
10448 240092.000 647889.000 921.768
10449 240093.000 647889.000 921.696
10450 240094.000 647889.000 921.823
10451 240095.000 647889.000 922.168
10452 240096.000 647889.000 922.673
10453 240097.000 647889.000 923.114
10454 240098.000 647889.000 923.496
10455 240099.000 647889.000 923.866
10456 240100.000 647889.000 924.272
10457 240101.000 647889.000 924.588
10458 240102.000 647889.000 924.749
10459 240103.000 647889.000 924.451
10460 240104.000 647889.000 924.357
10461 240105.000 647889.000 924.474
10462 240079.000 647890.000 920.354
10463 240080.000 647890.000 920.532
10464 240081.000 647890.000 920.711
10465 240082.000 647890.000 920.878
10466 240083.000 647890.000 920.959
10467 240084.000 647890.000 921.025
10468 240085.000 647890.000 921.091
10469 240086.000 647890.000 921.158
10470 240087.000 647890.000 921.224
10471 240088.000 647890.000 921.317
10472 240089.000 647890.000 921.388
10473 240090.000 647890.000 921.459
10474 240091.000 647890.000 921.531
10475 240092.000 647890.000 921.724
10476 240093.000 647890.000 921.678
10477 240094.000 647890.000 921.778
10478 240095.000 647890.000 922.048
10479 240096.000 647890.000 922.525
10480 240097.000 647890.000 922.954
10481 240098.000 647890.000 923.313
10482 240099.000 647890.000 923.671
10483 240100.000 647890.000 923.978
10484 240101.000 647890.000 924.211
10485 240102.000 647890.000 924.262
10486 240103.000 647890.000 924.134
10487 240104.000 647890.000 924.219
10488 240105.000 647890.000 924.356
10489 240106.000 647890.000 924.564
10490 240078.000 647891.000 920.236
10491 240079.000 647891.000 920.414
10492 240080.000 647891.000 920.591
10493 240081.000 647891.000 920.769
10494 240082.000 647891.000 920.889
10495 240083.000 647891.000 920.956
10496 240084.000 647891.000 921.022
10497 240085.000 647891.000 921.088
10498 240086.000 647891.000 921.155
10499 240087.000 647891.000 921.209
10500 240088.000 647891.000 921.247
10501 240089.000 647891.000 921.321
10502 240090.000 647891.000 921.396
10503 240091.000 647891.000 921.470
10504 240092.000 647891.000 921.552
10505 240093.000 647891.000 921.642
10506 240094.000 647891.000 921.707
10507 240095.000 647891.000 921.918
10508 240096.000 647891.000 922.371
10509 240097.000 647891.000 922.748
10510 240098.000 647891.000 923.075
10511 240099.000 647891.000 923.417
10512 240100.000 647891.000 923.993
10513 240101.000 647891.000 923.839
10514 240102.000 647891.000 923.912
10515 240103.000 647891.000 924.008
10516 240104.000 647891.000 924.114
10517 240105.000 647891.000 924.238
10518 240106.000 647891.000 924.426
10519 240107.000 647891.000 924.605
10520 240108.000 647891.000 924.588
10521 240078.000 647892.000 920.301
10522 240079.000 647892.000 920.480
10523 240080.000 647892.000 920.657
10524 240081.000 647892.000 920.835
10525 240082.000 647892.000 920.890
10526 240083.000 647892.000 920.954
10527 240084.000 647892.000 921.021
10528 240085.000 647892.000 921.087
10529 240086.000 647892.000 921.153
10530 240087.000 647892.000 921.149
10531 240088.000 647892.000 921.161
10532 240089.000 647892.000 921.235
10533 240090.000 647892.000 921.310
10534 240091.000 647892.000 921.384
10535 240092.000 647892.000 921.151
10536 240093.000 647892.000 921.436
10537 240094.000 647892.000 921.582
10538 240095.000 647892.000 921.845
10539 240096.000 647892.000 922.126
10540 240097.000 647892.000 922.502
10541 240098.000 647892.000 922.755
10542 240099.000 647892.000 923.241
10543 240100.000 647892.000 923.794
10544 240101.000 647892.000 923.914
10545 240102.000 647892.000 923.736
10546 240103.000 647892.000 923.794
10547 240104.000 647892.000 923.914
10548 240105.000 647892.000 924.040
10549 240106.000 647892.000 924.279
10550 240107.000 647892.000 924.461
10551 240108.000 647892.000 924.603
10552 240109.000 647892.000 924.548
10553 240078.000 647893.000 920.367
10554 240079.000 647893.000 920.546
10555 240080.000 647893.000 920.724
10556 240081.000 647893.000 920.855
10557 240082.000 647893.000 920.897
10558 240083.000 647893.000 920.953
10559 240084.000 647893.000 921.019
10560 240085.000 647893.000 921.085
10561 240086.000 647893.000 921.092
10562 240087.000 647893.000 921.089
10563 240088.000 647893.000 921.086
10564 240089.000 647893.000 921.149
10565 240090.000 647893.000 921.223
10566 240091.000 647893.000 921.066
10567 240092.000 647893.000 920.814
10568 240093.000 647893.000 920.955
10569 240094.000 647893.000 921.266
10570 240095.000 647893.000 921.573
10571 240096.000 647893.000 921.977
10572 240097.000 647893.000 922.270
10573 240098.000 647893.000 922.515
10574 240099.000 647893.000 922.543
10575 240100.000 647893.000 923.066
10576 240101.000 647893.000 923.523
10577 240102.000 647893.000 923.647
10578 240103.000 647893.000 923.581
10579 240104.000 647893.000 923.593
10580 240105.000 647893.000 923.725
10581 240106.000 647893.000 923.939
10582 240107.000 647893.000 924.179
10583 240108.000 647893.000 924.366
10584 240109.000 647893.000 924.394
10585 240110.000 647893.000 924.307
10586 240111.000 647893.000 924.566
10587 240112.000 647893.000 924.835
10588 240077.000 647894.000 920.252
10589 240078.000 647894.000 920.432
10590 240079.000 647894.000 920.612
10591 240080.000 647894.000 920.790
10592 240081.000 647894.000 920.862
10593 240082.000 647894.000 920.904
10594 240083.000 647894.000 920.951
10595 240084.000 647894.000 921.018
10596 240085.000 647894.000 921.035
10597 240086.000 647894.000 921.032
10598 240087.000 647894.000 921.029
10599 240088.000 647894.000 921.025
10600 240089.000 647894.000 921.063
10601 240090.000 647894.000 920.981
10602 240091.000 647894.000 920.729
10603 240092.000 647894.000 920.477
10604 240093.000 647894.000 920.474
10605 240094.000 647894.000 920.771
10606 240095.000 647894.000 921.141
10607 240096.000 647894.000 921.582
10608 240097.000 647894.000 922.133
10609 240098.000 647894.000 922.282
10610 240099.000 647894.000 922.204
10611 240100.000 647894.000 922.380
10612 240101.000 647894.000 922.835
10613 240102.000 647894.000 923.291
10614 240103.000 647894.000 923.250
10615 240104.000 647894.000 923.343
10616 240105.000 647894.000 923.435
10617 240106.000 647894.000 923.554
10618 240107.000 647894.000 923.678
10619 240108.000 647894.000 923.856
10620 240109.000 647894.000 924.069
10621 240110.000 647894.000 923.935
10622 240111.000 647894.000 924.187
10623 240112.000 647894.000 924.510
10624 240077.000 647895.000 920.318
10625 240078.000 647895.000 920.497
10626 240079.000 647895.000 920.677
10627 240080.000 647895.000 920.827
10628 240081.000 647895.000 920.869
10629 240082.000 647895.000 920.911
10630 240083.000 647895.000 920.953
10631 240084.000 647895.000 920.979
10632 240085.000 647895.000 920.975
10633 240086.000 647895.000 920.972
10634 240087.000 647895.000 920.968
10635 240088.000 647895.000 920.965
10636 240089.000 647895.000 920.899
10637 240090.000 647895.000 920.647
10638 240091.000 647895.000 920.394
10639 240092.000 647895.000 920.142
10640 240093.000 647895.000 920.004
10641 240094.000 647895.000 920.397
10642 240095.000 647895.000 920.791
10643 240096.000 647895.000 921.184
10644 240097.000 647895.000 922.008
10645 240098.000 647895.000 922.114
10646 240099.000 647895.000 922.082
10647 240100.000 647895.000 922.074
10648 240101.000 647895.000 922.282
10649 240102.000 647895.000 922.743
10650 240103.000 647895.000 922.843
10651 240104.000 647895.000 923.104
10652 240105.000 647895.000 923.196
10653 240106.000 647895.000 923.286
10654 240107.000 647895.000 923.334
10655 240108.000 647895.000 923.371
10656 240109.000 647895.000 923.480
10657 240110.000 647895.000 923.636
10658 240111.000 647895.000 923.986
10659 240112.000 647895.000 924.361
10660 240113.000 647895.000 924.746
10661 240077.000 647896.000 920.371
10662 240078.000 647896.000 920.551
10663 240079.000 647896.000 920.731
10664 240080.000 647896.000 920.825
10665 240081.000 647896.000 920.868
10666 240082.000 647896.000 920.910
10667 240083.000 647896.000 920.950
10668 240084.000 647896.000 920.966
10669 240085.000 647896.000 920.964
10670 240086.000 647896.000 920.963
10671 240087.000 647896.000 920.963
10672 240088.000 647896.000 920.963
10673 240089.000 647896.000 920.964
10674 240090.000 647896.000 920.390
10675 240091.000 647896.000 920.173
10676 240092.000 647896.000 920.054
10677 240093.000 647896.000 919.980
10678 240094.000 647896.000 920.040
10679 240095.000 647896.000 920.433
10680 240096.000 647896.000 920.827
10681 240097.000 647896.000 921.318
10682 240098.000 647896.000 922.053
10683 240099.000 647896.000 921.999
10684 240100.000 647896.000 921.945
10685 240101.000 647896.000 921.993
10686 240102.000 647896.000 922.184
10687 240103.000 647896.000 922.498
10688 240104.000 647896.000 922.864
10689 240105.000 647896.000 922.955
10690 240106.000 647896.000 923.045
10691 240107.000 647896.000 923.114
10692 240108.000 647896.000 923.152
10693 240109.000 647896.000 923.276
10694 240110.000 647896.000 923.401
10695 240111.000 647896.000 923.638
10696 240112.000 647896.000 924.147
10697 240113.000 647896.000 924.473
10698 240077.000 647897.000 920.422
10699 240078.000 647897.000 920.603
10700 240079.000 647897.000 920.726
10701 240080.000 647897.000 920.822
10702 240081.000 647897.000 920.864
10703 240082.000 647897.000 920.906
10704 240083.000 647897.000 920.939
10705 240084.000 647897.000 920.965
10706 240085.000 647897.000 920.970
10707 240086.000 647897.000 920.967
10708 240087.000 647897.000 920.965
10709 240088.000 647897.000 920.963
10710 240089.000 647897.000 920.962
10711 240090.000 647897.000 920.512
10712 240091.000 647897.000 920.188
10713 240092.000 647897.000 920.069
10714 240093.000 647897.000 920.026
10715 240094.000 647897.000 919.985
10716 240095.000 647897.000 920.076
10717 240096.000 647897.000 920.470
10718 240097.000 647897.000 920.990
10719 240098.000 647897.000 921.543
10720 240099.000 647897.000 922.034
10721 240100.000 647897.000 921.992
10722 240101.000 647897.000 921.898
10723 240102.000 647897.000 921.878
10724 240103.000 647897.000 922.321
10725 240104.000 647897.000 922.608
10726 240105.000 647897.000 922.715
10727 240106.000 647897.000 922.805
10728 240107.000 647897.000 922.895
10729 240108.000 647897.000 922.950
10730 240109.000 647897.000 923.075
10731 240110.000 647897.000 923.199
10732 240111.000 647897.000 923.358
10733 240112.000 647897.000 923.940
10734 240113.000 647897.000 924.200
10735 240114.000 647897.000 924.743
10736 240076.000 647898.000 920.294
10737 240077.000 647898.000 920.474
10738 240078.000 647898.000 920.616
10739 240079.000 647898.000 920.713
10740 240080.000 647898.000 920.810
10741 240081.000 647898.000 920.860
10742 240082.000 647898.000 920.901
10743 240083.000 647898.000 920.927
10744 240084.000 647898.000 920.954
10745 240085.000 647898.000 920.975
10746 240086.000 647898.000 920.973
10747 240087.000 647898.000 920.971
10748 240088.000 647898.000 920.969
10749 240089.000 647898.000 920.964
10750 240090.000 647898.000 920.680
10751 240091.000 647898.000 920.203
10752 240092.000 647898.000 920.112
10753 240093.000 647898.000 920.071
10754 240094.000 647898.000 920.030
10755 240095.000 647898.000 919.989
10756 240096.000 647898.000 920.128
10757 240097.000 647898.000 920.694
10758 240098.000 647898.000 921.274
10759 240099.000 647898.000 922.010
10760 240100.000 647898.000 922.098
10761 240101.000 647898.000 922.023
10762 240102.000 647898.000 921.973
10763 240103.000 647898.000 922.189
10764 240104.000 647898.000 922.309
10765 240105.000 647898.000 922.391
10766 240106.000 647898.000 922.520
10767 240107.000 647898.000 922.654
10768 240108.000 647898.000 922.749
10769 240109.000 647898.000 922.922
10770 240110.000 647898.000 923.107
10771 240111.000 647898.000 923.292
10772 240112.000 647898.000 923.702
10773 240113.000 647898.000 924.193
10774 240076.000 647899.000 920.345
10775 240077.000 647899.000 920.507
10776 240078.000 647899.000 920.604
10777 240079.000 647899.000 920.700
10778 240080.000 647899.000 920.797
10779 240081.000 647899.000 920.856
10780 240082.000 647899.000 920.889
10781 240083.000 647899.000 920.916
10782 240084.000 647899.000 920.943
10783 240085.000 647899.000 920.970
10784 240086.000 647899.000 920.979
10785 240087.000 647899.000 920.977
10786 240088.000 647899.000 920.973
10787 240089.000 647899.000 920.964
10788 240090.000 647899.000 920.805
10789 240091.000 647899.000 920.248
10790 240092.000 647899.000 920.158
10791 240093.000 647899.000 920.115
10792 240094.000 647899.000 920.070
10793 240095.000 647899.000 920.026
10794 240096.000 647899.000 919.982
10795 240097.000 647899.000 920.429
10796 240098.000 647899.000 921.015
10797 240099.000 647899.000 921.750
10798 240100.000 647899.000 922.106
10799 240101.000 647899.000 922.206
10800 240102.000 647899.000 922.161
10801 240103.000 647899.000 922.218
10802 240104.000 647899.000 922.122
10803 240105.000 647899.000 922.109
10804 240106.000 647899.000 922.174
10805 240107.000 647899.000 922.307
10806 240108.000 647899.000 922.584
10807 240109.000 647899.000 922.797
10808 240110.000 647899.000 923.009
10809 240111.000 647899.000 923.221
10810 240112.000 647899.000 923.654
10811 240113.000 647899.000 924.212
10812 240076.000 647900.000 920.396
10813 240077.000 647900.000 920.494
10814 240078.000 647900.000 920.591
10815 240079.000 647900.000 920.687
10816 240080.000 647900.000 920.784
10817 240081.000 647900.000 920.851
10818 240082.000 647900.000 920.878
10819 240083.000 647900.000 920.905
10820 240084.000 647900.000 920.932
10821 240085.000 647900.000 920.958
10822 240086.000 647900.000 920.985
10823 240087.000 647900.000 920.982
10824 240088.000 647900.000 920.973
10825 240089.000 647900.000 920.964
10826 240090.000 647900.000 920.943
10827 240091.000 647900.000 920.490
10828 240092.000 647900.000 920.190
10829 240093.000 647900.000 920.145
10830 240094.000 647900.000 920.101
10831 240095.000 647900.000 920.057
10832 240096.000 647900.000 920.013
10833 240097.000 647900.000 920.146
10834 240098.000 647900.000 920.732
10835 240099.000 647900.000 921.110
10836 240100.000 647900.000 921.374
10837 240101.000 647900.000 922.210
10838 240102.000 647900.000 922.297
10839 240103.000 647900.000 922.325
10840 240104.000 647900.000 922.335
10841 240105.000 647900.000 922.229
10842 240106.000 647900.000 922.216
10843 240107.000 647900.000 922.085
10844 240108.000 647900.000 922.379
10845 240109.000 647900.000 922.591
10846 240110.000 647900.000 922.804
10847 240111.000 647900.000 923.065
10848 240112.000 647900.000 923.534
10849 240113.000 647900.000 924.152
10850 240076.000 647901.000 920.386
10851 240077.000 647901.000 920.483
10852 240078.000 647901.000 920.580
10853 240079.000 647901.000 920.677
10854 240080.000 647901.000 920.773
10855 240081.000 647901.000 920.836
10856 240082.000 647901.000 920.863
10857 240083.000 647901.000 920.890
10858 240084.000 647901.000 920.917
10859 240085.000 647901.000 920.943
10860 240086.000 647901.000 920.970
10861 240087.000 647901.000 920.974
10862 240088.000 647901.000 920.962
10863 240089.000 647901.000 920.951
10864 240090.000 647901.000 920.949
10865 240091.000 647901.000 920.783
10866 240092.000 647901.000 920.339
10867 240093.000 647901.000 920.176
10868 240094.000 647901.000 920.132
10869 240095.000 647901.000 920.088
10870 240096.000 647901.000 920.044
10871 240097.000 647901.000 920.001
10872 240098.000 647901.000 920.438
10873 240099.000 647901.000 920.702
10874 240100.000 647901.000 921.001
10875 240101.000 647901.000 921.315
10876 240102.000 647901.000 922.288
10877 240103.000 647901.000 922.308
10878 240104.000 647901.000 922.354
10879 240105.000 647901.000 922.348
10880 240106.000 647901.000 922.266
10881 240107.000 647901.000 922.104
10882 240108.000 647901.000 922.164
10883 240109.000 647901.000 922.386
10884 240110.000 647901.000 922.616
10885 240111.000 647901.000 923.004
10886 240112.000 647901.000 923.457
10887 240113.000 647901.000 924.026
10888 240076.000 647902.000 920.385
10889 240077.000 647902.000 920.477
10890 240078.000 647902.000 920.574
10891 240079.000 647902.000 920.671
10892 240080.000 647902.000 920.767
10893 240081.000 647902.000 920.812
10894 240082.000 647902.000 920.842
10895 240083.000 647902.000 920.870
10896 240084.000 647902.000 920.896
10897 240085.000 647902.000 920.923
10898 240086.000 647902.000 920.949
10899 240087.000 647902.000 920.959
10900 240088.000 647902.000 920.948
10901 240089.000 647902.000 920.938
10902 240090.000 647902.000 920.942
10903 240091.000 647902.000 920.946
10904 240092.000 647902.000 920.623
10905 240093.000 647902.000 920.207
10906 240094.000 647902.000 920.162
10907 240095.000 647902.000 920.119
10908 240096.000 647902.000 920.075
10909 240097.000 647902.000 920.032
10910 240098.000 647902.000 920.031
10911 240099.000 647902.000 920.326
10912 240100.000 647902.000 920.622
10913 240101.000 647902.000 920.918
10914 240102.000 647902.000 921.213
10915 240103.000 647902.000 921.859
10916 240104.000 647902.000 922.319
10917 240105.000 647902.000 922.356
10918 240106.000 647902.000 922.276
10919 240107.000 647902.000 922.124
10920 240108.000 647902.000 921.962
10921 240109.000 647902.000 922.180
10922 240110.000 647902.000 922.525
10923 240111.000 647902.000 922.952
10924 240112.000 647902.000 923.417
10925 240113.000 647902.000 923.947
10926 240075.000 647903.000 920.305
10927 240076.000 647903.000 920.388
10928 240077.000 647903.000 920.472
10929 240078.000 647903.000 920.568
10930 240079.000 647903.000 920.665
10931 240080.000 647903.000 920.757
10932 240081.000 647903.000 920.787
10933 240082.000 647903.000 920.817
10934 240083.000 647903.000 920.847
10935 240084.000 647903.000 920.876
10936 240085.000 647903.000 920.903
10937 240086.000 647903.000 920.929
10938 240087.000 647903.000 920.945
10939 240088.000 647903.000 920.934
10940 240089.000 647903.000 920.931
10941 240090.000 647903.000 920.935
10942 240091.000 647903.000 920.939
10943 240092.000 647903.000 920.915
10944 240093.000 647903.000 920.482
10945 240094.000 647903.000 920.193
10946 240095.000 647903.000 920.149
10947 240096.000 647903.000 920.104
10948 240097.000 647903.000 920.058
10949 240098.000 647903.000 920.016
10950 240099.000 647903.000 919.978
10951 240100.000 647903.000 920.146
10952 240101.000 647903.000 920.441
10953 240102.000 647903.000 920.737
10954 240103.000 647903.000 921.208
10955 240104.000 647903.000 921.931
10956 240105.000 647903.000 922.302
10957 240106.000 647903.000 922.271
10958 240107.000 647903.000 922.145
10959 240108.000 647903.000 921.980
10960 240109.000 647903.000 922.065
10961 240110.000 647903.000 922.421
10962 240111.000 647903.000 923.034
10963 240112.000 647903.000 923.549
10964 240113.000 647903.000 923.919
10965 240075.000 647904.000 920.308
10966 240076.000 647904.000 920.391
10967 240077.000 647904.000 920.475
10968 240078.000 647904.000 920.562
10969 240079.000 647904.000 920.658
10970 240080.000 647904.000 920.732
10971 240081.000 647904.000 920.762
10972 240082.000 647904.000 920.792
10973 240083.000 647904.000 920.822
10974 240084.000 647904.000 920.852
10975 240085.000 647904.000 920.882
10976 240086.000 647904.000 920.909
10977 240087.000 647904.000 920.930
10978 240088.000 647904.000 920.920
10979 240089.000 647904.000 920.924
10980 240090.000 647904.000 920.928
10981 240091.000 647904.000 920.932
10982 240092.000 647904.000 920.936
10983 240093.000 647904.000 920.760
10984 240094.000 647904.000 920.309
10985 240095.000 647904.000 920.175
10986 240096.000 647904.000 920.130
10987 240097.000 647904.000 920.084
10988 240098.000 647904.000 920.041
10989 240099.000 647904.000 920.004
10990 240100.000 647904.000 919.966
10991 240101.000 647904.000 919.965
10992 240102.000 647904.000 920.260
10993 240103.000 647904.000 920.732
10994 240104.000 647904.000 921.242
10995 240105.000 647904.000 922.049
10996 240106.000 647904.000 922.181
10997 240107.000 647904.000 922.142
10998 240108.000 647904.000 921.965
10999 240109.000 647904.000 921.928
11000 240110.000 647904.000 922.281
11001 240111.000 647904.000 922.883
11002 240112.000 647904.000 923.561
11003 240075.000 647905.000 920.311
11004 240076.000 647905.000 920.395
11005 240077.000 647905.000 920.478
11006 240078.000 647905.000 920.561
11007 240079.000 647905.000 920.652
11008 240080.000 647905.000 920.707
11009 240081.000 647905.000 920.737
11010 240082.000 647905.000 920.767
11011 240083.000 647905.000 920.797
11012 240084.000 647905.000 920.828
11013 240085.000 647905.000 920.858
11014 240086.000 647905.000 920.888
11015 240087.000 647905.000 920.915
11016 240088.000 647905.000 920.913
11017 240089.000 647905.000 920.917
11018 240090.000 647905.000 920.915
11019 240091.000 647905.000 920.908
11020 240092.000 647905.000 920.901
11021 240093.000 647905.000 920.888
11022 240094.000 647905.000 920.543
11023 240095.000 647905.000 920.201
11024 240096.000 647905.000 920.155
11025 240097.000 647905.000 920.110
11026 240098.000 647905.000 920.067
11027 240099.000 647905.000 920.029
11028 240100.000 647905.000 919.992
11029 240101.000 647905.000 919.954
11030 240102.000 647905.000 919.917
11031 240103.000 647905.000 920.358
11032 240104.000 647905.000 920.952
11033 240105.000 647905.000 921.564
11034 240106.000 647905.000 922.141
11035 240107.000 647905.000 922.103
11036 240108.000 647905.000 921.927
11037 240109.000 647905.000 921.835
11038 240110.000 647905.000 922.142
11039 240111.000 647905.000 922.708
11040 240075.000 647906.000 920.308
11041 240076.000 647906.000 920.393
11042 240077.000 647906.000 920.478
11043 240078.000 647906.000 920.562
11044 240079.000 647906.000 920.647
11045 240080.000 647906.000 920.680
11046 240081.000 647906.000 920.709
11047 240082.000 647906.000 920.739
11048 240083.000 647906.000 920.768
11049 240084.000 647906.000 920.797
11050 240085.000 647906.000 920.826
11051 240086.000 647906.000 920.855
11052 240087.000 647906.000 920.884
11053 240088.000 647906.000 920.884
11054 240089.000 647906.000 920.877
11055 240090.000 647906.000 920.870
11056 240091.000 647906.000 920.862
11057 240092.000 647906.000 920.856
11058 240093.000 647906.000 920.857
11059 240094.000 647906.000 920.750
11060 240095.000 647906.000 920.327
11061 240096.000 647906.000 920.181
11062 240097.000 647906.000 920.136
11063 240098.000 647906.000 920.092
11064 240099.000 647906.000 920.055
11065 240100.000 647906.000 920.018
11066 240101.000 647906.000 919.980
11067 240102.000 647906.000 919.931
11068 240103.000 647906.000 920.083
11069 240104.000 647906.000 920.667
11070 240105.000 647906.000 921.257
11071 240106.000 647906.000 921.851
11072 240107.000 647906.000 922.062
11073 240108.000 647906.000 921.883
11074 240109.000 647906.000 921.741
11075 240110.000 647906.000 922.008
11076 240111.000 647906.000 922.575
11077 240075.000 647907.000 920.279
11078 240076.000 647907.000 920.364
11079 240077.000 647907.000 920.449
11080 240078.000 647907.000 920.533
11081 240079.000 647907.000 920.600
11082 240080.000 647907.000 920.625
11083 240081.000 647907.000 920.654
11084 240082.000 647907.000 920.683
11085 240083.000 647907.000 920.713
11086 240084.000 647907.000 920.742
11087 240085.000 647907.000 920.771
11088 240086.000 647907.000 920.800
11089 240087.000 647907.000 920.826
11090 240088.000 647907.000 920.839
11091 240089.000 647907.000 920.831
11092 240090.000 647907.000 920.824
11093 240091.000 647907.000 920.817
11094 240092.000 647907.000 920.813
11095 240093.000 647907.000 920.814
11096 240094.000 647907.000 920.746
11097 240095.000 647907.000 920.561
11098 240096.000 647907.000 920.207
11099 240097.000 647907.000 920.161
11100 240098.000 647907.000 920.118
11101 240099.000 647907.000 920.081
11102 240100.000 647907.000 920.043
11103 240101.000 647907.000 919.999
11104 240102.000 647907.000 919.944
11105 240103.000 647907.000 919.973
11106 240104.000 647907.000 920.396
11107 240105.000 647907.000 920.981
11108 240106.000 647907.000 921.462
11109 240107.000 647907.000 921.938
11110 240108.000 647907.000 921.809
11111 240109.000 647907.000 921.810
11112 240110.000 647907.000 921.880
11113 240075.000 647908.000 920.250
11114 240076.000 647908.000 920.335
11115 240077.000 647908.000 920.419
11116 240078.000 647908.000 920.504
11117 240079.000 647908.000 920.549
11118 240080.000 647908.000 920.573
11119 240081.000 647908.000 920.599
11120 240082.000 647908.000 920.628
11121 240083.000 647908.000 920.657
11122 240084.000 647908.000 920.687
11123 240085.000 647908.000 920.716
11124 240086.000 647908.000 920.745
11125 240087.000 647908.000 920.768
11126 240088.000 647908.000 920.787
11127 240089.000 647908.000 920.786
11128 240090.000 647908.000 920.778
11129 240091.000 647908.000 920.771
11130 240092.000 647908.000 920.771
11131 240093.000 647908.000 920.772
11132 240094.000 647908.000 920.742
11133 240095.000 647908.000 920.608
11134 240096.000 647908.000 920.344
11135 240097.000 647908.000 920.187
11136 240098.000 647908.000 920.144
11137 240099.000 647908.000 920.106
11138 240100.000 647908.000 920.067
11139 240101.000 647908.000 920.012
11140 240102.000 647908.000 919.956
11141 240103.000 647908.000 919.901
11142 240104.000 647908.000 920.175
11143 240105.000 647908.000 920.569
11144 240106.000 647908.000 921.009
11145 240107.000 647908.000 921.450
11146 240108.000 647908.000 921.791
11147 240109.000 647908.000 921.881
11148 240110.000 647908.000 921.832
11149 240076.000 647909.000 920.306
11150 240077.000 647909.000 920.390
11151 240078.000 647909.000 920.473
11152 240079.000 647909.000 920.497
11153 240080.000 647909.000 920.522
11154 240081.000 647909.000 920.546
11155 240082.000 647909.000 920.573
11156 240083.000 647909.000 920.602
11157 240084.000 647909.000 920.631
11158 240085.000 647909.000 920.661
11159 240086.000 647909.000 920.689
11160 240087.000 647909.000 920.709
11161 240088.000 647909.000 920.729
11162 240089.000 647909.000 920.740
11163 240090.000 647909.000 920.733
11164 240091.000 647909.000 920.727
11165 240092.000 647909.000 920.728
11166 240093.000 647909.000 920.729
11167 240094.000 647909.000 920.730
11168 240095.000 647909.000 920.605
11169 240096.000 647909.000 920.471
11170 240097.000 647909.000 920.213
11171 240098.000 647909.000 920.169
11172 240099.000 647909.000 920.132
11173 240100.000 647909.000 920.079
11174 240101.000 647909.000 920.024
11175 240102.000 647909.000 919.969
11176 240103.000 647909.000 919.914
11177 240104.000 647909.000 920.120
11178 240105.000 647909.000 920.511
11179 240106.000 647909.000 920.902
11180 240107.000 647909.000 921.304
11181 240108.000 647909.000 921.789
11182 240109.000 647909.000 921.992
11183 240076.000 647910.000 920.277
11184 240077.000 647910.000 920.361
11185 240078.000 647910.000 920.421
11186 240079.000 647910.000 920.446
11187 240080.000 647910.000 920.470
11188 240081.000 647910.000 920.494
11189 240082.000 647910.000 920.519
11190 240083.000 647910.000 920.547
11191 240084.000 647910.000 920.576
11192 240085.000 647910.000 920.605
11193 240086.000 647910.000 920.631
11194 240087.000 647910.000 920.651
11195 240088.000 647910.000 920.671
11196 240089.000 647910.000 920.690
11197 240090.000 647910.000 920.687
11198 240091.000 647910.000 920.684
11199 240092.000 647910.000 920.686
11200 240093.000 647910.000 920.687
11201 240094.000 647910.000 920.688
11202 240095.000 647910.000 920.601
11203 240096.000 647910.000 920.467
11204 240097.000 647910.000 920.333
11205 240098.000 647910.000 920.195
11206 240099.000 647910.000 920.147
11207 240100.000 647910.000 920.092
11208 240101.000 647910.000 920.037
11209 240102.000 647910.000 919.982
11210 240103.000 647910.000 919.927
11211 240104.000 647910.000 920.053
11212 240105.000 647910.000 920.430
11213 240106.000 647910.000 920.808
11214 240107.000 647910.000 921.185
11215 240108.000 647910.000 921.596
11216 240109.000 647910.000 921.958
11217 240076.000 647911.000 920.248
11218 240077.000 647911.000 920.332
11219 240078.000 647911.000 920.369
11220 240079.000 647911.000 920.394
11221 240080.000 647911.000 920.418
11222 240081.000 647911.000 920.443
11223 240082.000 647911.000 920.467
11224 240083.000 647911.000 920.492
11225 240084.000 647911.000 920.521
11226 240085.000 647911.000 920.550
11227 240086.000 647911.000 920.573
11228 240087.000 647911.000 920.593
11229 240088.000 647911.000 920.612
11230 240089.000 647911.000 920.632
11231 240090.000 647911.000 920.642
11232 240091.000 647911.000 920.642
11233 240092.000 647911.000 920.643
11234 240093.000 647911.000 920.644
11235 240094.000 647911.000 920.645
11236 240095.000 647911.000 920.597
11237 240096.000 647911.000 920.463
11238 240097.000 647911.000 920.329
11239 240105.000 647911.000 920.205
11240 240106.000 647911.000 920.582
11241 240107.000 647911.000 921.027
11242 240108.000 647911.000 921.532
11243 240109.000 647911.000 921.950
11244 240076.000 647912.000 920.218
11245 240077.000 647912.000 920.293
11246 240078.000 647912.000 920.318
11247 240079.000 647912.000 920.342
11248 240080.000 647912.000 920.367
11249 240081.000 647912.000 920.391
11250 240082.000 647912.000 920.416
11251 240083.000 647912.000 920.440
11252 240084.000 647912.000 920.466
11253 240085.000 647912.000 920.495
11254 240086.000 647912.000 920.514
11255 240087.000 647912.000 920.534
11256 240088.000 647912.000 920.554
11257 240089.000 647912.000 920.569
11258 240090.000 647912.000 920.581
11259 240091.000 647912.000 920.589
11260 240092.000 647912.000 920.597
11261 240093.000 647912.000 920.602
11262 240094.000 647912.000 920.603
11263 240095.000 647912.000 920.594
11264 240096.000 647912.000 920.457
11265 240097.000 647912.000 920.313
11266 240106.000 647912.000 920.379
11267 240107.000 647912.000 920.892
11268 240108.000 647912.000 921.397
11269 240109.000 647912.000 921.986
11270 240077.000 647913.000 920.242
11271 240078.000 647913.000 920.266
11272 240079.000 647913.000 920.291
11273 240080.000 647913.000 920.315
11274 240081.000 647913.000 920.340
11275 240082.000 647913.000 920.364
11276 240083.000 647913.000 920.389
11277 240084.000 647913.000 920.413
11278 240085.000 647913.000 920.435
11279 240086.000 647913.000 920.447
11280 240087.000 647913.000 920.459
11281 240088.000 647913.000 920.471
11282 240089.000 647913.000 920.483
11283 240090.000 647913.000 920.495
11284 240091.000 647913.000 920.505
11285 240092.000 647913.000 920.513
11286 240093.000 647913.000 920.521
11287 240094.000 647913.000 920.528
11288 240095.000 647913.000 920.527
11289 240096.000 647913.000 920.435
11290 240097.000 647913.000 920.292
11291 240107.000 647913.000 920.645
11292 240108.000 647913.000 921.159
11293 240109.000 647913.000 921.751
11294 240110.000 647913.000 922.407
11295 240078.000 647914.000 920.231
11296 240079.000 647914.000 920.257
11297 240080.000 647914.000 920.282
11298 240081.000 647914.000 920.308
11299 240082.000 647914.000 920.334
11300 240083.000 647914.000 920.357
11301 240084.000 647914.000 920.377
11302 240085.000 647914.000 920.393
11303 240086.000 647914.000 920.383
11304 240087.000 647914.000 920.373
11305 240088.000 647914.000 920.385
11306 240089.000 647914.000 920.397
11307 240090.000 647914.000 920.409
11308 240091.000 647914.000 920.421
11309 240092.000 647914.000 920.429
11310 240093.000 647914.000 920.437
11311 240094.000 647914.000 920.438
11312 240095.000 647914.000 920.427
11313 240096.000 647914.000 920.414
11314 240097.000 647914.000 920.270
11315 240107.000 647914.000 920.371
11316 240108.000 647914.000 920.909
11317 240109.000 647914.000 921.459
11318 240110.000 647914.000 922.110
11319 240079.000 647915.000 920.232
11320 240080.000 647915.000 920.258
11321 240081.000 647915.000 920.278
11322 240082.000 647915.000 920.299
11323 240083.000 647915.000 920.320
11324 240084.000 647915.000 920.341
11325 240085.000 647915.000 920.362
11326 240086.000 647915.000 920.356
11327 240087.000 647915.000 920.345
11328 240088.000 647915.000 920.334
11329 240089.000 647915.000 920.323
11330 240090.000 647915.000 920.323
11331 240091.000 647915.000 920.335
11332 240092.000 647915.000 920.345
11333 240093.000 647915.000 920.350
11334 240094.000 647915.000 920.339
11335 240095.000 647915.000 920.328
11336 240096.000 647915.000 920.317
11337 240097.000 647915.000 920.249
11338 240107.000 647915.000 920.192
11339 240108.000 647915.000 920.771
11340 240109.000 647915.000 921.236
11341 240110.000 647915.000 921.841
11342 240081.000 647916.000 920.242
11343 240082.000 647916.000 920.263
11344 240083.000 647916.000 920.283
11345 240084.000 647916.000 920.304
11346 240085.000 647916.000 920.325
11347 240086.000 647916.000 920.330
11348 240087.000 647916.000 920.319
11349 240088.000 647916.000 920.308
11350 240089.000 647916.000 920.297
11351 240090.000 647916.000 920.286
11352 240091.000 647916.000 920.275
11353 240108.000 647916.000 920.580
11354 240109.000 647916.000 921.014
11355 240083.000 647917.000 920.247
11356 240084.000 647917.000 920.268
11357 240085.000 647917.000 920.288
11358 240086.000 647917.000 920.304
11359 240087.000 647917.000 920.293
11360 240088.000 647917.000 920.282
11361 240089.000 647917.000 920.271
11362 240090.000 647917.000 920.260
11363 240085.000 647918.000 920.252
11364 240086.000 647918.000 920.272
