10000 240093.000 647861.000 920.143
10001 240092.000 647862.000 920.104
10002 240093.000 647862.000 920.415
10003 240094.000 647862.000 920.730
10004 240090.000 647863.000 920.290
10005 240091.000 647863.000 920.196
10006 240092.000 647863.000 920.370
10007 240093.000 647863.000 920.686
10008 240094.000 647863.000 921.000
10009 240095.000 647863.000 921.296
10010 240089.000 647864.000 920.382
10011 240090.000 647864.000 920.289
10012 240091.000 647864.000 920.326
10013 240092.000 647864.000 920.641
10014 240093.000 647864.000 920.861
10015 240094.000 647864.000 921.046
10016 240095.000 647864.000 921.449
10017 240096.000 647864.000 922.197
10018 240085.000 647865.000 920.290
10019 240086.000 647865.000 920.420
10020 240088.000 647865.000 920.475
10021 240089.000 647865.000 920.381
10022 240090.000 647865.000 920.287
10023 240091.000 647865.000 920.535
10024 240092.000 647865.000 920.721
10025 240093.000 647865.000 920.906
10026 240094.000 647865.000 921.092
10027 240095.000 647865.000 921.603
10028 240096.000 647865.000 922.293
10029 240097.000 647865.000 923.283
10030 240098.000 647865.000 923.828
10031 240084.000 647866.000 920.193
10032 240085.000 647866.000 920.322
10033 240086.000 647866.000 920.452
10034 240087.000 647866.000 920.574
10035 240088.000 647866.000 920.479
10036 240089.000 647866.000 920.384
10037 240090.000 647866.000 920.392
10038 240091.000 647866.000 920.581
10039 240092.000 647866.000 920.767
10040 240093.000 647866.000 920.952
10041 240094.000 647866.000 921.137
10042 240095.000 647866.000 921.677
10043 240096.000 647866.000 922.399
10044 240097.000 647866.000 923.422
10045 240098.000 647866.000 923.724
10046 240099.000 647866.000 923.982
10047 240100.000 647866.000 924.724
10048 240084.000 647867.000 920.225
10049 240085.000 647867.000 920.355
10050 240086.000 647867.000 920.485
10051 240087.000 647867.000 920.580
10052 240088.000 647867.000 920.485
10053 240089.000 647867.000 920.397
10054 240090.000 647867.000 920.420
10055 240091.000 647867.000 920.624
10056 240092.000 647867.000 920.813
10057 240093.000 647867.000 920.998
10058 240094.000 647867.000 921.186
10059 240095.000 647867.000 921.606
10060 240096.000 647867.000 922.679
10061 240097.000 647867.000 923.442
10062 240098.000 647867.000 923.607
10063 240099.000 647867.000 923.903
10064 240100.000 647867.000 924.512
10065 240101.000 647867.000 925.093
10066 240084.000 647868.000 920.257
10067 240085.000 647868.000 920.388
10068 240086.000 647868.000 920.519
10069 240087.000 647868.000 920.586
10070 240088.000 647868.000 920.492
10071 240089.000 647868.000 920.443
10072 240090.000 647868.000 920.448
10073 240091.000 647868.000 920.652
10074 240092.000 647868.000 920.856
10075 240093.000 647868.000 921.045
10076 240094.000 647868.000 921.292
10077 240095.000 647868.000 921.680
10078 240096.000 647868.000 922.849
10079 240097.000 647868.000 923.432
10080 240098.000 647868.000 923.589
10081 240099.000 647868.000 923.954
10082 240100.000 647868.000 924.467
10083 240101.000 647868.000 925.027
10084 240083.000 647869.000 920.159
10085 240084.000 647869.000 920.290
10086 240085.000 647869.000 920.422
10087 240086.000 647869.000 920.553
10088 240087.000 647869.000 920.593
10089 240088.000 647869.000 920.506
10090 240089.000 647869.000 920.489
10091 240090.000 647869.000 920.476
10092 240091.000 647869.000 920.680
10093 240092.000 647869.000 920.884
10094 240093.000 647869.000 921.088
10095 240094.000 647869.000 921.378
10096 240095.000 647869.000 921.748
10097 240096.000 647869.000 922.927
10098 240097.000 647869.000 923.406
10099 240098.000 647869.000 923.577
10100 240099.000 647869.000 923.993
10101 240100.000 647869.000 924.482
10102 240101.000 647869.000 924.989
10103 240083.000 647870.000 920.194
10104 240084.000 647870.000 920.324
10105 240085.000 647870.000 920.455
10106 240086.000 647870.000 920.587
10107 240087.000 647870.000 920.599
10108 240088.000 647870.000 920.552
10109 240089.000 647870.000 920.534
10110 240090.000 647870.000 920.517
10111 240091.000 647870.000 920.708
10112 240092.000 647870.000 920.912
10113 240093.000 647870.000 921.130
10114 240094.000 647870.000 921.449
10115 240095.000 647870.000 921.841
10116 240096.000 647870.000 922.966
10117 240097.000 647870.000 923.380
10118 240098.000 647870.000 923.640
10119 240099.000 647870.000 924.024
10120 240100.000 647870.000 924.502
10121 240101.000 647870.000 924.967
10122 240083.000 647871.000 920.247
10123 240084.000 647871.000 920.364
10124 240085.000 647871.000 920.489
10125 240086.000 647871.000 920.620
10126 240087.000 647871.000 920.616
10127 240088.000 647871.000 920.598
10128 240089.000 647871.000 920.580
10129 240090.000 647871.000 920.562
10130 240091.000 647871.000 920.736
10131 240092.000 647871.000 920.954
10132 240093.000 647871.000 921.198
10133 240094.000 647871.000 921.524
10134 240095.000 647871.000 922.011
10135 240096.000 647871.000 923.014
10136 240097.000 647871.000 923.431
10137 240098.000 647871.000 923.758
10138 240099.000 647871.000 924.084
10139 240100.000 647871.000 924.510
10140 240101.000 647871.000 924.925
10141 240082.000 647872.000 920.157
10142 240083.000 647872.000 920.301
10143 240084.000 647872.000 920.418
10144 240085.000 647872.000 920.535
10145 240086.000 647872.000 920.654
10146 240087.000 647872.000 920.662
10147 240088.000 647872.000 920.644
10148 240089.000 647872.000 920.626
10149 240090.000 647872.000 920.608
10150 240091.000 647872.000 920.778
10151 240092.000 647872.000 921.015
10152 240093.000 647872.000 921.278
10153 240094.000 647872.000 921.602
10154 240095.000 647872.000 922.194
10155 240096.000 647872.000 923.114
10156 240097.000 647872.000 923.500
10157 240098.000 647872.000 923.822
10158 240099.000 647872.000 924.103
10159 240100.000 647872.000 924.500
10160 240101.000 647872.000 924.888
10161 240082.000 647873.000 920.212
10162 240083.000 647873.000 920.355
10163 240084.000 647873.000 920.472
10164 240085.000 647873.000 920.588
10165 240086.000 647873.000 920.700
10166 240087.000 647873.000 920.787
10167 240088.000 647873.000 920.854
10168 240089.000 647873.000 920.835
10169 240090.000 647873.000 920.720
10170 240091.000 647873.000 920.828
10171 240092.000 647873.000 921.075
10172 240093.000 647873.000 921.357
10173 240094.000 647873.000 921.674
10174 240095.000 647873.000 922.222
10175 240096.000 647873.000 923.221
10176 240097.000 647873.000 923.546
10177 240098.000 647873.000 923.827
10178 240099.000 647873.000 924.108
10179 240100.000 647873.000 924.492
10180 240101.000 647873.000 924.911
10181 240082.000 647874.000 920.268
10182 240083.000 647874.000 920.409
10183 240084.000 647874.000 920.526
10184 240085.000 647874.000 920.642
10185 240086.000 647874.000 920.738
10186 240087.000 647874.000 920.817
10187 240088.000 647874.000 920.907
10188 240089.000 647874.000 921.027
10189 240090.000 647874.000 920.794
10190 240091.000 647874.000 920.874
10191 240092.000 647874.000 921.134
10192 240093.000 647874.000 921.427
10193 240094.000 647874.000 921.727
10194 240095.000 647874.000 922.373
10195 240096.000 647874.000 923.292
10196 240097.000 647874.000 923.490
10197 240098.000 647874.000 923.832
10198 240099.000 647874.000 924.113
10199 240100.000 647874.000 924.485
10200 240081.000 647875.000 920.158
10201 240082.000 647875.000 920.324
10202 240083.000 647875.000 920.463
10203 240084.000 647875.000 920.579
10204 240085.000 647875.000 920.695
10205 240086.000 647875.000 920.775
10206 240087.000 647875.000 920.854
10207 240088.000 647875.000 920.933
10208 240089.000 647875.000 921.027
10209 240090.000 647875.000 920.946
10210 240091.000 647875.000 921.059
10211 240092.000 647875.000 921.208
10212 240093.000 647875.000 921.497
10213 240094.000 647875.000 921.787
10214 240095.000 647875.000 922.471
10215 240096.000 647875.000 923.316
10216 240097.000 647875.000 923.439
10217 240098.000 647875.000 923.643
10218 240099.000 647875.000 924.101
10219 240100.000 647875.000 924.553
10220 240081.000 647876.000 920.214
10221 240082.000 647876.000 920.379
10222 240083.000 647876.000 920.517
10223 240084.000 647876.000 920.633
10224 240085.000 647876.000 920.733
10225 240086.000 647876.000 920.812
10226 240087.000 647876.000 920.891
10227 240088.000 647876.000 920.971
10228 240089.000 647876.000 921.050
10229 240090.000 647876.000 921.124
10230 240091.000 647876.000 921.186
10231 240092.000 647876.000 921.315
10232 240093.000 647876.000 921.542
10233 240094.000 647876.000 921.832
10234 240095.000 647876.000 922.497
10235 240096.000 647876.000 923.338
10236 240097.000 647876.000 923.462
10237 240098.000 647876.000 923.626
10238 240099.000 647876.000 924.049
10239 240100.000 647876.000 924.607
10240 240080.000 647877.000 920.104
10241 240081.000 647877.000 920.269
10242 240082.000 647877.000 920.435
10243 240083.000 647877.000 920.570
10244 240084.000 647877.000 920.687
10245 240085.000 647877.000 920.770
10246 240086.000 647877.000 920.849
10247 240087.000 647877.000 920.929
10248 240088.000 647877.000 921.008
10249 240089.000 647877.000 921.108
10250 240090.000 647877.000 921.199
10251 240091.000 647877.000 921.278
10252 240092.000 647877.000 921.446
10253 240093.000 647877.000 921.614
10254 240094.000 647877.000 921.877
10255 240095.000 647877.000 922.610
10256 240096.000 647877.000 923.361
10257 240097.000 647877.000 923.465
10258 240098.000 647877.000 923.628
10259 240099.000 647877.000 924.010
10260 240100.000 647877.000 924.623
10261 240101.000 647877.000 924.932
10262 240080.000 647878.000 920.159
10263 240081.000 647878.000 920.325
10264 240082.000 647878.000 920.491
10265 240083.000 647878.000 920.624
10266 240084.000 647878.000 920.728
10267 240085.000 647878.000 920.807
10268 240086.000 647878.000 920.886
10269 240087.000 647878.000 920.974
10270 240088.000 647878.000 921.075
10271 240089.000 647878.000 921.166
10272 240090.000 647878.000 921.252
10273 240091.000 647878.000 921.387
10274 240092.000 647878.000 921.562
10275 240093.000 647878.000 921.736
10276 240094.000 647878.000 921.970
10277 240095.000 647878.000 922.731
10278 240096.000 647878.000 923.380
10279 240097.000 647878.000 923.461
10280 240098.000 647878.000 923.630
10281 240099.000 647878.000 923.999
10282 240100.000 647878.000 924.518
10283 240101.000 647878.000 924.884
10284 240080.000 647879.000 920.215
10285 240081.000 647879.000 920.381
10286 240082.000 647879.000 920.546
10287 240083.000 647879.000 920.678
10288 240084.000 647879.000 920.765
10289 240085.000 647879.000 920.844
10290 240086.000 647879.000 920.940
10291 240087.000 647879.000 921.041
10292 240088.000 647879.000 921.142
10293 240089.000 647879.000 921.224
10294 240090.000 647879.000 921.306
10295 240091.000 647879.000 921.454
10296 240092.000 647879.000 921.627
10297 240093.000 647879.000 921.769
10298 240094.000 647879.000 922.012
10299 240095.000 647879.000 922.769
10300 240096.000 647879.000 923.396
10301 240097.000 647879.000 923.456
10302 240098.000 647879.000 923.539
10303 240099.000 647879.000 923.894
10304 240100.000 647879.000 924.350
10305 240101.000 647879.000 924.837
10306 240079.000 647880.000 920.105
10307 240080.000 647880.000 920.271
10308 240081.000 647880.000 920.436
10309 240082.000 647880.000 920.602
10310 240083.000 647880.000 920.723
10311 240084.000 647880.000 920.805
10312 240085.000 647880.000 920.906
10313 240086.000 647880.000 921.007
10314 240087.000 647880.000 921.108
10315 240088.000 647880.000 921.200
10316 240089.000 647880.000 921.281
10317 240090.000 647880.000 921.363
10318 240091.000 647880.000 921.493
10319 240092.000 647880.000 921.635
10320 240093.000 647880.000 921.776
10321 240094.000 647880.000 922.054
10322 240095.000 647880.000 922.811
10323 240096.000 647880.000 923.409
10324 240097.000 647880.000 923.422
10325 240098.000 647880.000 923.461
10326 240099.000 647880.000 923.742
10327 240100.000 647880.000 924.077
10328 240101.000 647880.000 924.701
10329 240079.000 647881.000 920.161
10330 240080.000 647881.000 920.326
10331 240081.000 647881.000 920.492
10332 240082.000 647881.000 920.657
10333 240083.000 647881.000 920.771
10334 240084.000 647881.000 920.872
10335 240085.000 647881.000 920.973
10336 240086.000 647881.000 921.074
10337 240087.000 647881.000 921.175
10338 240088.000 647881.000 921.257
10339 240089.000 647881.000 921.331
10340 240090.000 647881.000 921.397
10341 240091.000 647881.000 921.503
10342 240092.000 647881.000 921.642
10343 240093.000 647881.000 921.783
10344 240094.000 647881.000 922.096
10345 240095.000 647881.000 922.843
10346 240096.000 647881.000 923.423
10347 240097.000 647881.000 923.448
10348 240098.000 647881.000 923.461
10349 240099.000 647881.000 923.614
10350 240100.000 647881.000 923.935
10351 240101.000 647881.000 924.324
10352 240102.000 647881.000 924.719
10353 240079.000 647882.000 920.221
10354 240080.000 647882.000 920.386
10355 240081.000 647882.000 920.551
10356 240082.000 647882.000 920.717
10357 240083.000 647882.000 920.827
10358 240084.000 647882.000 920.935
10359 240085.000 647882.000 921.040
10360 240086.000 647882.000 921.141
10361 240087.000 647882.000 921.233
10362 240088.000 647882.000 921.296
10363 240089.000 647882.000 921.355
10364 240090.000 647882.000 921.435
10365 240091.000 647882.000 921.541
10366 240092.000 647882.000 921.649
10367 240093.000 647882.000 921.790
10368 240094.000 647882.000 922.139
10369 240095.000 647882.000 922.800
10370 240096.000 647882.000 923.380
10371 240097.000 647882.000 923.474
10372 240098.000 647882.000 923.471
10373 240099.000 647882.000 923.553
10374 240100.000 647882.000 923.769
10375 240101.000 647882.000 924.020
10376 240102.000 647882.000 924.330
10377 240103.000 647882.000 924.667
10378 240078.000 647883.000 920.097
10379 240079.000 647883.000 920.276
10380 240080.000 647883.000 920.446
10381 240081.000 647883.000 920.611
10382 240082.000 647883.000 920.767
10383 240083.000 647883.000 920.874
10384 240084.000 647883.000 920.982
10385 240085.000 647883.000 921.090
10386 240086.000 647883.000 921.195
10387 240087.000 647883.000 921.260
10388 240088.000 647883.000 921.320
10389 240089.000 647883.000 921.379
10390 240090.000 647883.000 921.473
10391 240091.000 647883.000 921.579
10392 240092.000 647883.000 921.685
10393 240093.000 647883.000 921.797
10394 240094.000 647883.000 922.176
10395 240095.000 647883.000 922.756
10396 240096.000 647883.000 923.336
10397 240097.000 647883.000 923.490
10398 240098.000 647883.000 923.485
10399 240099.000 647883.000 923.769
10400 240100.000 647883.000 923.965
10401 240101.000 647883.000 924.137
10402 240102.000 647883.000 924.316
10403 240103.000 647883.000 924.683
10404 240078.000 647884.000 920.150
10405 240079.000 647884.000 920.330
10406 240080.000 647884.000 920.506
10407 240081.000 647884.000 920.671
10408 240082.000 647884.000 920.814
10409 240083.000 647884.000 920.921
10410 240084.000 647884.000 921.029
10411 240085.000 647884.000 921.132
10412 240086.000 647884.000 921.220
10413 240087.000 647884.000 921.283
10414 240088.000 647884.000 921.344
10415 240089.000 647884.000 921.405
10416 240090.000 647884.000 921.511
10417 240091.000 647884.000 921.617
10418 240092.000 647884.000 921.723
10419 240093.000 647884.000 921.829
10420 240094.000 647884.000 922.151
10421 240095.000 647884.000 922.745
10422 240096.000 647884.000 923.331
10423 240097.000 647884.000 923.513
10424 240098.000 647884.000 923.649
10425 240099.000 647884.000 923.972
10426 240100.000 647884.000 924.231
10427 240101.000 647884.000 924.694
10428 240102.000 647884.000 924.612
10429 240103.000 647884.000 924.772
10430 240104.000 647884.000 924.768
10431 240078.000 647885.000 920.203
10432 240079.000 647885.000 920.383
10433 240080.000 647885.000 920.563
10434 240081.000 647885.000 920.731
10435 240082.000 647885.000 920.861
10436 240083.000 647885.000 920.969
10437 240084.000 647885.000 921.069
10438 240085.000 647885.000 921.167
10439 240086.000 647885.000 921.241
10440 240087.000 647885.000 921.305
10441 240088.000 647885.000 921.368
10442 240089.000 647885.000 921.444
10443 240090.000 647885.000 921.550
10444 240091.000 647885.000 921.643
10445 240092.000 647885.000 921.717
10446 240093.000 647885.000 921.796
10447 240094.000 647885.000 922.189
10448 240095.000 647885.000 922.783
10449 240096.000 647885.000 923.300
10450 240097.000 647885.000 923.541
10451 240098.000 647885.000 923.802
10452 240099.000 647885.000 924.060
10453 240100.000 647885.000 924.489
10454 240101.000 647885.000 925.058
10455 240102.000 647885.000 925.139
10456 240103.000 647885.000 924.916
10457 240104.000 647885.000 924.779
10458 240077.000 647886.000 920.077
10459 240078.000 647886.000 920.257
10460 240079.000 647886.000 920.436
10461 240080.000 647886.000 920.616
10462 240081.000 647886.000 920.791
10463 240082.000 647886.000 920.907
10464 240083.000 647886.000 921.006
10465 240084.000 647886.000 921.104
10466 240085.000 647886.000 921.199
10467 240086.000 647886.000 921.263
10468 240087.000 647886.000 921.326
10469 240088.000 647886.000 921.390
10470 240089.000 647886.000 921.454
10471 240090.000 647886.000 921.526
10472 240091.000 647886.000 921.600
10473 240092.000 647886.000 921.674
10474 240093.000 647886.000 921.785
10475 240094.000 647886.000 921.945
10476 240095.000 647886.000 922.788
10477 240096.000 647886.000 923.268
10478 240097.000 647886.000 923.631
10479 240098.000 647886.000 923.843
10480 240099.000 647886.000 924.033
10481 240100.000 647886.000 924.455
10482 240101.000 647886.000 925.109
10483 240102.000 647886.000 925.273
10484 240103.000 647886.000 925.011
10485 240104.000 647886.000 924.743
10486 240077.000 647887.000 920.130
10487 240078.000 647887.000 920.310
10488 240079.000 647887.000 920.490
10489 240080.000 647887.000 920.669
10490 240081.000 647887.000 920.841
10491 240082.000 647887.000 920.943
10492 240083.000 647887.000 921.041
10493 240084.000 647887.000 921.139
10494 240085.000 647887.000 921.221
10495 240086.000 647887.000 921.284
10496 240087.000 647887.000 921.346
10497 240088.000 647887.000 921.407
10498 240089.000 647887.000 921.459
10499 240090.000 647887.000 921.527
10500 240091.000 647887.000 921.596
10501 240092.000 647887.000 921.664
10502 240093.000 647887.000 921.774
10503 240094.000 647887.000 921.906
10504 240095.000 647887.000 922.651
10505 240096.000 647887.000 923.143
10506 240097.000 647887.000 923.605
10507 240098.000 647887.000 923.813
10508 240099.000 647887.000 924.006
10509 240100.000 647887.000 924.421
10510 240101.000 647887.000 924.995
10511 240102.000 647887.000 925.094
10512 240103.000 647887.000 924.829
10513 240104.000 647887.000 924.647
10514 240105.000 647887.000 924.632
10515 240077.000 647888.000 920.181
10516 240078.000 647888.000 920.364
10517 240079.000 647888.000 920.544
10518 240080.000 647888.000 920.723
10519 240081.000 647888.000 920.862
10520 240082.000 647888.000 920.965
10521 240083.000 647888.000 921.072
10522 240084.000 647888.000 921.174
10523 240085.000 647888.000 921.241
10524 240086.000 647888.000 921.302
10525 240087.000 647888.000 921.363
10526 240088.000 647888.000 921.422
10527 240089.000 647888.000 921.472
10528 240090.000 647888.000 921.532
10529 240091.000 647888.000 921.600
10530 240092.000 647888.000 921.673
10531 240093.000 647888.000 921.777
10532 240094.000 647888.000 921.895
10533 240095.000 647888.000 922.437
10534 240096.000 647888.000 922.931
10535 240097.000 647888.000 923.431
10536 240098.000 647888.000 923.733
10537 240099.000 647888.000 923.940
10538 240100.000 647888.000 924.270
10539 240101.000 647888.000 924.819
10540 240102.000 647888.000 925.078
10541 240103.000 647888.000 924.702
10542 240104.000 647888.000 924.557
10543 240105.000 647888.000 924.530
10544 240077.000 647889.000 920.231
10545 240078.000 647889.000 920.418
10546 240079.000 647889.000 920.597
10547 240080.000 647889.000 920.777
10548 240081.000 647889.000 920.884
10549 240082.000 647889.000 920.983
10550 240083.000 647889.000 921.090
10551 240084.000 647889.000 921.194
10552 240085.000 647889.000 921.258
10553 240086.000 647889.000 921.319
10554 240087.000 647889.000 921.380
10555 240088.000 647889.000 921.436
10556 240089.000 647889.000 921.486
10557 240090.000 647889.000 921.537
10558 240091.000 647889.000 921.605
10559 240092.000 647889.000 921.684
10560 240093.000 647889.000 921.789
10561 240094.000 647889.000 921.893
10562 240095.000 647889.000 922.223
10563 240096.000 647889.000 922.731
10564 240097.000 647889.000 923.146
10565 240098.000 647889.000 923.482
10566 240099.000 647889.000 923.846
10567 240100.000 647889.000 924.124
10568 240101.000 647889.000 924.521
10569 240102.000 647889.000 924.690
10570 240103.000 647889.000 924.501
10571 240104.000 647889.000 924.414
10572 240105.000 647889.000 924.479
10573 240076.000 647890.000 920.087
10574 240077.000 647890.000 920.282
10575 240078.000 647890.000 920.471
10576 240079.000 647890.000 920.651
10577 240080.000 647890.000 920.810
10578 240081.000 647890.000 920.906
10579 240082.000 647890.000 921.001
10580 240083.000 647890.000 921.108
10581 240084.000 647890.000 921.206
10582 240085.000 647890.000 921.274
10583 240086.000 647890.000 921.336
10584 240087.000 647890.000 921.397
10585 240088.000 647890.000 921.450
10586 240089.000 647890.000 921.500
10587 240090.000 647890.000 921.549
10588 240091.000 647890.000 921.610
10589 240092.000 647890.000 921.695
10590 240093.000 647890.000 921.800
10591 240094.000 647890.000 921.899
10592 240095.000 647890.000 922.081
10593 240096.000 647890.000 922.542
10594 240097.000 647890.000 922.859
10595 240098.000 647890.000 923.173
10596 240099.000 647890.000 923.550
10597 240100.000 647890.000 923.967
10598 240101.000 647890.000 924.054
10599 240102.000 647890.000 924.211
10600 240103.000 647890.000 924.215
10601 240104.000 647890.000 924.205
10602 240105.000 647890.000 924.449
10603 240106.000 647890.000 924.669
10604 240076.000 647891.000 920.137
10605 240077.000 647891.000 920.332
10606 240078.000 647891.000 920.525
10607 240079.000 647891.000 920.705
10608 240080.000 647891.000 920.832
10609 240081.000 647891.000 920.928
10610 240082.000 647891.000 921.023
10611 240083.000 647891.000 921.126
10612 240084.000 647891.000 921.217
10613 240085.000 647891.000 921.286
10614 240086.000 647891.000 921.353
10615 240087.000 647891.000 921.414
10616 240088.000 647891.000 921.464
10617 240089.000 647891.000 921.514
10618 240090.000 647891.000 921.563
10619 240091.000 647891.000 921.615
10620 240092.000 647891.000 921.706
10621 240093.000 647891.000 921.797
10622 240094.000 647891.000 921.882
10623 240095.000 647891.000 922.005
10624 240096.000 647891.000 922.400
10625 240097.000 647891.000 922.663
10626 240098.000 647891.000 922.918
10627 240099.000 647891.000 923.420
10628 240100.000 647891.000 923.952
10629 240101.000 647891.000 923.903
10630 240102.000 647891.000 923.965
10631 240103.000 647891.000 923.996
10632 240104.000 647891.000 924.068
10633 240105.000 647891.000 924.381
10634 240106.000 647891.000 924.718
10635 240107.000 647891.000 924.654
10636 240108.000 647891.000 924.588
10637 240076.000 647892.000 920.188
10638 240077.000 647892.000 920.383
10639 240078.000 647892.000 920.578
10640 240079.000 647892.000 920.758
10641 240080.000 647892.000 920.854
10642 240081.000 647892.000 920.949
10643 240082.000 647892.000 921.045
10644 240083.000 647892.000 921.143
10645 240084.000 647892.000 921.229
10646 240085.000 647892.000 921.298
10647 240086.000 647892.000 921.366
10648 240087.000 647892.000 921.428
10649 240088.000 647892.000 921.478
10650 240089.000 647892.000 921.527
10651 240090.000 647892.000 921.571
10652 240091.000 647892.000 921.609
10653 240092.000 647892.000 921.693
10654 240093.000 647892.000 921.780
10655 240094.000 647892.000 921.864
10656 240095.000 647892.000 921.949
10657 240096.000 647892.000 922.267
10658 240097.000 647892.000 922.484
10659 240098.000 647892.000 922.679
10660 240099.000 647892.000 923.217
10661 240100.000 647892.000 923.817
10662 240101.000 647892.000 923.976
10663 240102.000 647892.000 923.842
10664 240103.000 647892.000 923.876
10665 240104.000 647892.000 923.898
10666 240105.000 647892.000 924.057
10667 240106.000 647892.000 924.340
10668 240107.000 647892.000 924.473
10669 240108.000 647892.000 924.601
10670 240109.000 647892.000 924.548
10671 240076.000 647893.000 920.238
10672 240077.000 647893.000 920.433
10673 240078.000 647893.000 920.628
10674 240079.000 647893.000 920.780
10675 240080.000 647893.000 920.876
10676 240081.000 647893.000 920.971
10677 240082.000 647893.000 921.067
10678 240083.000 647893.000 921.162
10679 240084.000 647893.000 921.241
10680 240085.000 647893.000 921.302
10681 240086.000 647893.000 921.345
10682 240087.000 647893.000 921.387
10683 240088.000 647893.000 921.425
10684 240089.000 647893.000 921.463
10685 240090.000 647893.000 921.500
10686 240091.000 647893.000 921.564
10687 240092.000 647893.000 921.638
10688 240093.000 647893.000 921.723
10689 240094.000 647893.000 921.820
10690 240095.000 647893.000 921.917
10691 240096.000 647893.000 922.058
10692 240097.000 647893.000 922.245
10693 240098.000 647893.000 922.440
10694 240099.000 647893.000 922.916
10695 240100.000 647893.000 923.207
10696 240101.000 647893.000 923.524
10697 240102.000 647893.000 923.664
10698 240103.000 647893.000 923.692
10699 240104.000 647893.000 923.756
10700 240105.000 647893.000 923.820
10701 240106.000 647893.000 924.001
10702 240107.000 647893.000 924.299
10703 240108.000 647893.000 924.369
10704 240109.000 647893.000 924.362
10705 240110.000 647893.000 924.308
10706 240111.000 647893.000 924.567
10707 240112.000 647893.000 924.835
10708 240075.000 647894.000 920.094
10709 240076.000 647894.000 920.289
10710 240077.000 647894.000 920.484
10711 240078.000 647894.000 920.660
10712 240079.000 647894.000 920.745
10713 240080.000 647894.000 920.837
10714 240081.000 647894.000 920.930
10715 240082.000 647894.000 921.022
10716 240083.000 647894.000 921.114
10717 240084.000 647894.000 921.182
10718 240085.000 647894.000 921.229
10719 240086.000 647894.000 921.272
10720 240087.000 647894.000 921.314
10721 240088.000 647894.000 921.354
10722 240089.000 647894.000 921.392
10723 240090.000 647894.000 921.435
10724 240091.000 647894.000 921.524
10725 240092.000 647894.000 921.600
10726 240093.000 647894.000 921.667
10727 240094.000 647894.000 921.754
10728 240095.000 647894.000 921.873
10729 240096.000 647894.000 922.032
10730 240097.000 647894.000 922.170
10731 240098.000 647894.000 922.239
10732 240099.000 647894.000 922.328
10733 240100.000 647894.000 922.597
10734 240101.000 647894.000 922.888
10735 240102.000 647894.000 923.276
10736 240103.000 647894.000 923.418
10737 240104.000 647894.000 923.485
10738 240105.000 647894.000 923.543
10739 240106.000 647894.000 923.522
10740 240107.000 647894.000 923.619
10741 240108.000 647894.000 923.887
10742 240109.000 647894.000 923.992
10743 240110.000 647894.000 923.950
10744 240111.000 647894.000 924.259
10745 240112.000 647894.000 924.511
10746 240075.000 647895.000 920.144
10747 240076.000 647895.000 920.339
10748 240077.000 647895.000 920.476
10749 240078.000 647895.000 920.579
10750 240079.000 647895.000 920.663
10751 240080.000 647895.000 920.729
10752 240081.000 647895.000 920.821
10753 240082.000 647895.000 920.913
10754 240083.000 647895.000 921.005
10755 240084.000 647895.000 921.078
10756 240085.000 647895.000 921.134
10757 240086.000 647895.000 921.197
10758 240087.000 647895.000 921.241
10759 240088.000 647895.000 921.283
10760 240089.000 647895.000 921.321
10761 240090.000 647895.000 921.395
10762 240091.000 647895.000 921.484
10763 240092.000 647895.000 921.561
10764 240093.000 647895.000 921.628
10765 240094.000 647895.000 921.696
10766 240095.000 647895.000 921.837
10767 240096.000 647895.000 921.943
10768 240097.000 647895.000 921.991
10769 240098.000 647895.000 922.038
10770 240099.000 647895.000 922.086
10771 240100.000 647895.000 922.199
10772 240101.000 647895.000 922.322
10773 240102.000 647895.000 922.663
10774 240103.000 647895.000 923.049
10775 240104.000 647895.000 923.164
10776 240105.000 647895.000 923.232
10777 240106.000 647895.000 923.202
10778 240107.000 647895.000 923.179
10779 240108.000 647895.000 923.215
10780 240109.000 647895.000 923.389
10781 240110.000 647895.000 923.636
10782 240111.000 647895.000 923.986
10783 240112.000 647895.000 924.349
10784 240113.000 647895.000 924.744
10785 240075.000 647896.000 920.189
10786 240076.000 647896.000 920.292
10787 240077.000 647896.000 920.395
10788 240078.000 647896.000 920.499
10789 240079.000 647896.000 920.589
10790 240080.000 647896.000 920.641
10791 240081.000 647896.000 920.712
10792 240082.000 647896.000 920.804
10793 240083.000 647896.000 920.896
10794 240084.000 647896.000 920.976
10795 240085.000 647896.000 921.029
10796 240086.000 647896.000 921.086
10797 240087.000 647896.000 921.149
10798 240088.000 647896.000 921.210
10799 240089.000 647896.000 921.266
10800 240090.000 647896.000 921.333
10801 240091.000 647896.000 921.387
10802 240092.000 647896.000 921.475
10803 240093.000 647896.000 921.563
10804 240094.000 647896.000 921.628
10805 240095.000 647896.000 921.810
10806 240096.000 647896.000 921.980
10807 240097.000 647896.000 921.970
10808 240098.000 647896.000 921.938
10809 240099.000 647896.000 921.907
10810 240100.000 647896.000 921.947
10811 240101.000 647896.000 922.061
10812 240102.000 647896.000 922.232
10813 240103.000 647896.000 922.619
10814 240104.000 647896.000 922.812
10815 240105.000 647896.000 922.988
10816 240106.000 647896.000 922.958
10817 240107.000 647896.000 922.928
10818 240108.000 647896.000 922.974
10819 240109.000 647896.000 923.203
10820 240110.000 647896.000 923.395
10821 240111.000 647896.000 923.638
10822 240112.000 647896.000 924.058
10823 240113.000 647896.000 924.468
10824 240075.000 647897.000 920.108
10825 240076.000 647897.000 920.211
10826 240077.000 647897.000 920.314
10827 240078.000 647897.000 920.418
10828 240079.000 647897.000 920.516
10829 240080.000 647897.000 920.567
10830 240081.000 647897.000 920.619
10831 240082.000 647897.000 920.696
10832 240083.000 647897.000 920.788
10833 240084.000 647897.000 920.875
10834 240085.000 647897.000 920.927
10835 240086.000 647897.000 920.980
10836 240087.000 647897.000 921.038
10837 240088.000 647897.000 921.101
10838 240089.000 647897.000 921.149
10839 240090.000 647897.000 921.196
10840 240091.000 647897.000 921.248
10841 240092.000 647897.000 921.303
10842 240093.000 647897.000 921.490
10843 240094.000 647897.000 921.578
10844 240095.000 647897.000 921.781
10845 240096.000 647897.000 921.973
10846 240097.000 647897.000 922.036
10847 240098.000 647897.000 922.005
10848 240099.000 647897.000 921.974
10849 240100.000 647897.000 921.989
10850 240101.000 647897.000 921.871
10851 240102.000 647897.000 921.910
10852 240103.000 647897.000 922.218
10853 240104.000 647897.000 922.488
10854 240105.000 647897.000 922.725
10855 240106.000 647897.000 922.714
10856 240107.000 647897.000 922.684
10857 240108.000 647897.000 922.841
10858 240109.000 647897.000 923.017
10859 240110.000 647897.000 923.179
10860 240111.000 647897.000 923.355
10861 240112.000 647897.000 923.766
10862 240113.000 647897.000 924.189
10863 240114.000 647897.000 924.743
10864 240076.000 647898.000 920.130
10865 240077.000 647898.000 920.233
10866 240078.000 647898.000 920.337
10867 240079.000 647898.000 920.440
10868 240080.000 647898.000 920.494
10869 240081.000 647898.000 920.546
10870 240082.000 647898.000 920.598
10871 240083.000 647898.000 920.679
10872 240084.000 647898.000 920.771
10873 240085.000 647898.000 920.826
10874 240086.000 647898.000 920.879
10875 240087.000 647898.000 920.931
10876 240088.000 647898.000 920.983
10877 240089.000 647898.000 921.030
10878 240090.000 647898.000 921.077
10879 240091.000 647898.000 921.123
10880 240092.000 647898.000 921.170
10881 240093.000 647898.000 921.218
10882 240094.000 647898.000 921.549
10883 240095.000 647898.000 921.751
10884 240096.000 647898.000 921.954
10885 240097.000 647898.000 922.058
10886 240098.000 647898.000 922.077
10887 240099.000 647898.000 922.094
10888 240100.000 647898.000 922.112
10889 240101.000 647898.000 922.057
10890 240102.000 647898.000 921.906
10891 240103.000 647898.000 921.882
10892 240104.000 647898.000 922.136
10893 240105.000 647898.000 922.401
10894 240106.000 647898.000 922.470
10895 240107.000 647898.000 922.535
10896 240108.000 647898.000 922.701
10897 240109.000 647898.000 922.819
10898 240110.000 647898.000 923.024
10899 240111.000 647898.000 923.276
10900 240112.000 647898.000 923.658
10901 240113.000 647898.000 924.193
10902 240077.000 647899.000 920.153
10903 240078.000 647899.000 920.256
10904 240079.000 647899.000 920.359
10905 240080.000 647899.000 920.420
10906 240081.000 647899.000 920.472
10907 240082.000 647899.000 920.524
10908 240083.000 647899.000 920.576
10909 240084.000 647899.000 920.663
10910 240085.000 647899.000 920.724
10911 240086.000 647899.000 920.777
10912 240087.000 647899.000 920.811
10913 240088.000 647899.000 920.833
10914 240089.000 647899.000 920.873
10915 240090.000 647899.000 920.921
10916 240091.000 647899.000 920.969
10917 240092.000 647899.000 921.017
10918 240093.000 647899.000 921.064
10919 240094.000 647899.000 921.194
10920 240095.000 647899.000 921.611
10921 240096.000 647899.000 921.895
10922 240097.000 647899.000 922.051
10923 240098.000 647899.000 922.096
10924 240099.000 647899.000 922.123
10925 240100.000 647899.000 922.151
10926 240101.000 647899.000 922.204
10927 240102.000 647899.000 922.114
10928 240103.000 647899.000 922.035
10929 240104.000 647899.000 922.054
10930 240105.000 647899.000 922.073
10931 240106.000 647899.000 922.230
10932 240107.000 647899.000 922.397
10933 240108.000 647899.000 922.602
10934 240109.000 647899.000 922.807
10935 240110.000 647899.000 923.011
10936 240111.000 647899.000 923.216
10937 240112.000 647899.000 923.639
10938 240077.000 647900.000 920.072
10939 240078.000 647900.000 920.175
10940 240079.000 647900.000 920.278
10941 240080.000 647900.000 920.347
10942 240081.000 647900.000 920.399
10943 240082.000 647900.000 920.451
10944 240083.000 647900.000 920.503
10945 240084.000 647900.000 920.554
10946 240085.000 647900.000 920.623
10947 240086.000 647900.000 920.651
10948 240087.000 647900.000 920.673
10949 240088.000 647900.000 920.695
10950 240089.000 647900.000 920.717
10951 240090.000 647900.000 920.759
10952 240091.000 647900.000 920.806
10953 240092.000 647900.000 920.854
10954 240093.000 647900.000 920.901
10955 240094.000 647900.000 921.032
10956 240095.000 647900.000 921.304
10957 240096.000 647900.000 921.847
10958 240097.000 647900.000 922.040
10959 240098.000 647900.000 922.066
10960 240099.000 647900.000 922.101
10961 240100.000 647900.000 922.135
10962 240101.000 647900.000 922.203
10963 240102.000 647900.000 922.288
10964 240103.000 647900.000 922.188
10965 240104.000 647900.000 922.207
10966 240105.000 647900.000 922.226
10967 240106.000 647900.000 922.127
10968 240107.000 647900.000 922.311
10969 240108.000 647900.000 922.510
10970 240109.000 647900.000 922.709
10971 240110.000 647900.000 922.908
10972 240111.000 647900.000 923.107
10973 240112.000 647900.000 923.534
10974 240113.000 647900.000 924.144
10975 240078.000 647901.000 920.094
10976 240079.000 647901.000 920.197
10977 240080.000 647901.000 920.274
10978 240081.000 647901.000 920.325
10979 240082.000 647901.000 920.377
10980 240083.000 647901.000 920.429
10981 240084.000 647901.000 920.472
10982 240085.000 647901.000 920.492
10983 240086.000 647901.000 920.513
10984 240087.000 647901.000 920.535
10985 240088.000 647901.000 920.557
10986 240089.000 647901.000 920.579
10987 240090.000 647901.000 920.601
10988 240091.000 647901.000 920.646
10989 240092.000 647901.000 920.691
10990 240093.000 647901.000 920.739
10991 240094.000 647901.000 920.871
10992 240095.000 647901.000 921.064
10993 240096.000 647901.000 921.512
10994 240097.000 647901.000 922.016
10995 240098.000 647901.000 922.051
10996 240099.000 647901.000 922.085
10997 240100.000 647901.000 922.120
10998 240101.000 647901.000 922.201
10999 240102.000 647901.000 922.287
11000 240103.000 647901.000 922.373
11001 240104.000 647901.000 922.345
11002 240105.000 647901.000 922.254
11003 240106.000 647901.000 922.163
11004 240107.000 647901.000 922.146
11005 240108.000 647901.000 922.393
11006 240109.000 647901.000 922.592
11007 240110.000 647901.000 922.791
11008 240111.000 647901.000 922.990
11009 240112.000 647901.000 923.419
11010 240113.000 647901.000 924.026
11011 240079.000 647902.000 920.116
11012 240080.000 647902.000 920.200
11013 240081.000 647902.000 920.252
11014 240082.000 647902.000 920.299
11015 240083.000 647902.000 920.319
11016 240084.000 647902.000 920.339
11017 240085.000 647902.000 920.359
11018 240086.000 647902.000 920.379
11019 240087.000 647902.000 920.399
11020 240088.000 647902.000 920.419
11021 240089.000 647902.000 920.441
11022 240090.000 647902.000 920.463
11023 240091.000 647902.000 920.486
11024 240092.000 647902.000 920.532
11025 240093.000 647902.000 920.578
11026 240094.000 647902.000 920.647
11027 240095.000 647902.000 920.799
11028 240096.000 647902.000 920.972
11029 240097.000 647902.000 921.535
11030 240098.000 647902.000 921.976
11031 240099.000 647902.000 922.070
11032 240100.000 647902.000 922.114
11033 240101.000 647902.000 922.200
11034 240102.000 647902.000 922.286
11035 240103.000 647902.000 922.349
11036 240104.000 647902.000 922.369
11037 240105.000 647902.000 922.278
11038 240106.000 647902.000 922.187
11039 240107.000 647902.000 922.008
11040 240108.000 647902.000 922.225
11041 240109.000 647902.000 922.475
11042 240110.000 647902.000 922.674
11043 240111.000 647902.000 922.873
11044 240112.000 647902.000 923.339
11045 240113.000 647902.000 923.947
11046 240080.000 647903.000 920.126
11047 240081.000 647903.000 920.146
11048 240082.000 647903.000 920.166
11049 240083.000 647903.000 920.186
11050 240084.000 647903.000 920.206
11051 240085.000 647903.000 920.226
11052 240086.000 647903.000 920.246
11053 240087.000 647903.000 920.266
11054 240088.000 647903.000 920.286
11055 240089.000 647903.000 920.306
11056 240090.000 647903.000 920.326
11057 240091.000 647903.000 920.347
11058 240092.000 647903.000 920.373
11059 240093.000 647903.000 920.424
11060 240094.000 647903.000 920.637
11061 240095.000 647903.000 920.815
11062 240096.000 647903.000 920.652
11063 240097.000 647903.000 921.023
11064 240098.000 647903.000 921.497
11065 240099.000 647903.000 921.910
11066 240100.000 647903.000 922.108
11067 240101.000 647903.000 922.171
11068 240102.000 647903.000 922.235
11069 240103.000 647903.000 922.271
11070 240104.000 647903.000 922.297
11071 240105.000 647903.000 922.302
11072 240106.000 647903.000 922.211
11073 240107.000 647903.000 922.051
11074 240108.000 647903.000 922.004
11075 240109.000 647903.000 922.303
11076 240110.000 647903.000 922.558
11077 240111.000 647903.000 922.792
11078 240112.000 647903.000 923.347
11079 240113.000 647903.000 923.945
11080 240093.000 647904.000 920.255
11081 240094.000 647904.000 920.279
11082 240095.000 647904.000 920.364
11083 240096.000 647904.000 920.623
11084 240097.000 647904.000 920.702
11085 240098.000 647904.000 921.057
11086 240099.000 647904.000 921.396
11087 240100.000 647904.000 921.786
11088 240101.000 647904.000 922.121
11089 240102.000 647904.000 922.168
11090 240103.000 647904.000 922.194
11091 240104.000 647904.000 922.219
11092 240105.000 647904.000 922.245
11093 240106.000 647904.000 922.235
11094 240107.000 647904.000 922.095
11095 240108.000 647904.000 921.890
11096 240109.000 647904.000 922.082
11097 240110.000 647904.000 922.381
11098 240111.000 647904.000 922.777
11099 240095.000 647905.000 920.215
11100 240096.000 647905.000 920.170
11101 240097.000 647905.000 920.354
11102 240098.000 647905.000 920.642
11103 240099.000 647905.000 920.952
11104 240100.000 647905.000 921.270
11105 240101.000 647905.000 921.680
11106 240102.000 647905.000 922.088
11107 240103.000 647905.000 922.114
11108 240104.000 647905.000 922.141
11109 240105.000 647905.000 922.168
11110 240106.000 647905.000 922.193
11111 240107.000 647905.000 922.138
11112 240108.000 647905.000 921.931
11113 240109.000 647905.000 921.913
11114 240110.000 647905.000 922.283
11115 240097.000 647906.000 920.175
11116 240098.000 647906.000 920.291
11117 240099.000 647906.000 920.581
11118 240100.000 647906.000 920.873
11119 240101.000 647906.000 921.165
11120 240102.000 647906.000 921.600
11121 240103.000 647906.000 922.031
11122 240104.000 647906.000 922.057
11123 240105.000 647906.000 922.084
11124 240106.000 647906.000 922.111
11125 240107.000 647906.000 922.075
11126 240108.000 647906.000 921.864
11127 240109.000 647906.000 921.795
11128 240110.000 647906.000 922.258
11129 240099.000 647907.000 920.228
11130 240100.000 647907.000 920.520
11131 240101.000 647907.000 920.810
11132 240102.000 647907.000 921.078
11133 240103.000 647907.000 921.488
11134 240104.000 647907.000 921.974
11135 240105.000 647907.000 922.000
11136 240106.000 647907.000 922.030
11137 240107.000 647907.000 922.000
11138 240108.000 647907.000 921.831
11139 240109.000 647907.000 921.662
11140 240110.000 647907.000 922.233
11141 240100.000 647908.000 920.167
11142 240101.000 647908.000 920.448
11143 240102.000 647908.000 920.724
11144 240103.000 647908.000 920.988
11145 240104.000 647908.000 921.324
11146 240105.000 647908.000 921.873
11147 240106.000 647908.000 921.945
11148 240107.000 647908.000 921.888
11149 240108.000 647908.000 921.771
11150 240109.000 647908.000 921.628
11151 240101.000 647909.000 920.146
11152 240102.000 647909.000 920.427
11153 240103.000 647909.000 920.638
11154 240104.000 647909.000 920.901
11155 240105.000 647909.000 921.256
11156 240106.000 647909.000 921.732
11157 240107.000 647909.000 921.741
11158 240108.000 647909.000 921.635
11159 240109.000 647909.000 921.557
11160 240102.000 647910.000 920.133
11161 240103.000 647910.000 920.414
11162 240104.000 647910.000 920.556
11163 240105.000 647910.000 920.842
11164 240106.000 647910.000 921.198
11165 240107.000 647910.000 921.456
11166 240108.000 647910.000 921.503
11167 240109.000 647910.000 921.648
11168 240103.000 647911.000 920.120
11169 240104.000 647911.000 920.338
11170 240105.000 647911.000 920.479
11171 240106.000 647911.000 920.805
11172 240107.000 647911.000 921.160
11173 240108.000 647911.000 921.577
11174 240104.000 647912.000 920.107
11175 240105.000 647912.000 920.260
11176 240106.000 647912.000 920.401
11177 240107.000 647912.000 920.800
11178 240108.000 647912.000 921.346
11179 240105.000 647913.000 920.075
11180 240106.000 647913.000 920.252
11181 240107.000 647913.000 920.560
11182 240108.000 647913.000 921.052
11183 240106.000 647914.000 920.120
11184 240107.000 647914.000 920.318
11185 240108.000 647914.000 920.811
11186 240109.000 647914.000 921.415
11187 240107.000 647915.000 920.164
11188 240108.000 647915.000 920.569
11189 240109.000 647915.000 921.085
