Dataset, Plane_Height, Reference, Z_Factor, Area_2D, Area_3D, Volume
..put_data\mineddy_003l_20080202, 908.42, ABOVE, 1.000000, 7525.5475742044, 7889.9079357135, 54846.792969194
..put_data\mineddy_003l_20080202, 908.52, ABOVE, 1.000000, 7525.5446556394, 7889.9049530782, 54094.238217633
..put_data\mineddy_003l_20080202, 908.62, ABOVE, 1.000000, 7524.8640585494, 7889.1961904765, 53341.710566518
..put_data\mineddy_003l_20080202, 908.72, ABOVE, 1.000000, 7523.2138328811, 7887.4359456552, 52589.296649385
..put_data\mineddy_003l_20080202, 908.82, ABOVE, 1.000000, 7520.4183266919, 7884.4182924121, 51837.10526351
..put_data\mineddy_003l_20080202, 908.92, ABOVE, 1.000000, 7514.9796670712, 7878.5764898124, 51085.299155436
..put_data\mineddy_003l_20080202, 909.02, ABOVE, 1.000000, 7505.3848113648, 7868.4080067142, 50334.261341295
..put_data\mineddy_003l_20080202, 909.12, ABOVE, 1.000000, 7493.1122906144, 7855.518810417, 49584.298176474
..put_data\mineddy_003l_20080202, 909.22, ABOVE, 1.000000, 7474.7480681557, 7836.5311184842, 48835.87124414
..put_data\mineddy_003l_20080202, 909.32, ABOVE, 1.000000, 7451.1405414325, 7812.2810442029, 48089.540970441
..put_data\mineddy_003l_20080202, 909.42, ABOVE, 1.000000, 7425.2457362458, 7785.6487767502, 47345.712703858
..put_data\mineddy_003l_20080202, 909.52, ABOVE, 1.000000, 7402.7468902508, 7762.2916909139, 46604.337530455
..put_data\mineddy_003l_20080202, 909.62, ABOVE, 1.000000, 7368.3736634479, 7726.9280875537, 45865.786258689
..put_data\mineddy_003l_20080202, 909.72, ABOVE, 1.000000, 7344.9971455623, 7702.4593166634, 45130.141096841
..put_data\mineddy_003l_20080202, 909.82, ABOVE, 1.000000, 7322.6495460017, 7678.8686402384, 44396.762887381
..put_data\mineddy_003l_20080202, 909.92, ABOVE, 1.000000, 7300.6291420076, 7655.4554167026, 43665.593115412
..put_data\mineddy_003l_20080202, 910.02, ABOVE, 1.000000, 7278.1765681593, 7631.4305680205, 42936.66321088
..put_data\mineddy_003l_20080202, 910.12, ABOVE, 1.000000, 7255.7389737266, 7607.3462999003, 42209.940201282
..put_data\mineddy_003l_20080202, 910.22, ABOVE, 1.000000, 7234.8566967609, 7584.6978469736, 41485.439443132
..put_data\mineddy_003l_20080202, 910.32, ABOVE, 1.000000, 7214.0554336702, 7562.0931680195, 40762.986477057
..put_data\mineddy_003l_20080202, 910.42, ABOVE, 1.000000, 7193.1102420579, 7539.2540414644, 40042.628554286
..put_data\mineddy_003l_20080202, 910.52, ABOVE, 1.000000, 7171.3282800166, 7515.4665201643, 39324.400118347
..put_data\mineddy_003l_20080202, 910.62, ABOVE, 1.000000, 7148.5518896043, 7490.6320457545, 38608.391904158
..put_data\mineddy_003l_20080202, 910.72, ABOVE, 1.000000, 7123.8563669012, 7463.8727874099, 37894.760896222
..put_data\mineddy_003l_20080202, 910.82, ABOVE, 1.000000, 7098.3144502896, 7436.2783294763, 37183.650425262
..put_data\mineddy_003l_20080202, 910.92, ABOVE, 1.000000, 7072.8323174307, 7408.6814395981, 36475.088509138
..put_data\mineddy_003l_20080202, 911.02, ABOVE, 1.000000, 7047.0233618019, 7380.7112994374, 35769.091549169
..put_data\mineddy_003l_20080202, 911.12, ABOVE, 1.000000, 7021.566758666, 7353.0416656933, 35065.674608254
..put_data\mineddy_003l_20080202, 911.22, ABOVE, 1.000000, 6996.5676617313, 7325.7677244626, 34364.761409974
..put_data\mineddy_003l_20080202, 911.32, ABOVE, 1.000000, 6967.9680264089, 7294.8413939415, 33666.456996298
..put_data\mineddy_003l_20080202, 911.42, ABOVE, 1.000000, 6935.4066755277, 7259.9040537465, 32971.280408271
..put_data\mineddy_003l_20080202, 911.52, ABOVE, 1.000000, 6901.1981666573, 7223.2715148078, 32279.45413195
..put_data\mineddy_003l_20080202, 911.62, ABOVE, 1.000000, 6868.2063149842, 7187.7667917836, 31590.988993367
..put_data\mineddy_003l_20080202, 911.72, ABOVE, 1.000000, 6835.1067020078, 7152.1213219656, 30905.836731512
..put_data\mineddy_003l_20080202, 911.82, ABOVE, 1.000000, 6801.6852175067, 7116.1350471728, 30223.985806078
..put_data\mineddy_003l_20080202, 911.92, ABOVE, 1.000000, 6767.7734116409, 7079.6820318918, 29545.519378297
..put_data\mineddy_003l_20080202, 912.02, ABOVE, 1.000000, 6720.2918270219, 7029.6645623283, 28870.835434876
..put_data\mineddy_003l_20080202, 912.12, ABOVE, 1.000000, 6661.1710617986, 6967.9450247376, 28201.748463966
..put_data\mineddy_003l_20080202, 912.22, ABOVE, 1.000000, 6608.5622735252, 6912.6468399408, 27538.217436987
..put_data\mineddy_003l_20080202, 912.32, ABOVE, 1.000000, 6559.3288013436, 6860.5665353069, 26879.896138631
..put_data\mineddy_003l_20080202, 912.42, ABOVE, 1.000000, 6511.0901407477, 6809.394553285, 26226.415685649
..put_data\mineddy_003l_20080202, 912.52, ABOVE, 1.000000, 6465.3104457825, 6760.6339568213, 25577.581277232
..put_data\mineddy_003l_20080202, 912.62, ABOVE, 1.000000, 6415.2105317078, 6707.485214733, 24933.521740135
..put_data\mineddy_003l_20080202, 912.72, ABOVE, 1.000000, 6362.3620400528, 6651.5846614186, 24294.613845822
..put_data\mineddy_003l_20080202, 912.82, ABOVE, 1.000000, 6306.1555147433, 6592.4407165482, 23661.196548453
..put_data\mineddy_003l_20080202, 912.92, ABOVE, 1.000000, 6251.6881754922, 6535.0388406399, 23033.274660212
..put_data\mineddy_003l_20080202, 913.02, ABOVE, 1.000000, 6179.9639226203, 6460.4770074093, 22411.139944662
..put_data\mineddy_003l_20080202, 913.12, ABOVE, 1.000000, 6082.6373055967, 6360.3565179293, 21797.801721244
..put_data\mineddy_003l_20080202, 913.22, ABOVE, 1.000000, 6009.7006647922, 6284.5618310292, 21193.279330326
..put_data\mineddy_003l_20080202, 913.32, ABOVE, 1.000000, 5939.1669978546, 6211.1669970959, 20595.807759507
..put_data\mineddy_003l_20080202, 913.42, ABOVE, 1.000000, 5870.4336651431, 6139.7481591734, 20005.315533109
..put_data\mineddy_003l_20080202, 913.52, ABOVE, 1.000000, 5808.5906978986, 6075.2285435881, 19421.423379865
..put_data\mineddy_003l_20080202, 913.62, ABOVE, 1.000000, 5749.0584355011, 6012.9995049834, 18843.46219543
..put_data\mineddy_003l_20080202, 913.72, ABOVE, 1.000000, 5680.6496456598, 5941.9156574134, 18271.956637425
..put_data\mineddy_003l_20080202, 913.82, ABOVE, 1.000000, 5614.1999655086, 5872.762550204, 17707.172915835
..put_data\mineddy_003l_20080202, 913.92, ABOVE, 1.000000, 5545.2440649826, 5801.0995220892, 17149.23905651
..put_data\mineddy_003l_20080202, 914.02, ABOVE, 1.000000, 5473.7724172413, 5727.1118263155, 16598.230237855
..put_data\mineddy_003l_20080202, 914.12, ABOVE, 1.000000, 5404.5304988639, 5655.3955006234, 16054.334548671
..put_data\mineddy_003l_20080202, 914.22, ABOVE, 1.000000, 5329.2981334163, 5577.6053305221, 15517.505974229
..put_data\mineddy_003l_20080202, 914.32, ABOVE, 1.000000, 5249.1361196239, 5494.7980360635, 14988.674698946
..put_data\mineddy_003l_20080202, 914.42, ABOVE, 1.000000, 5178.1238038298, 5421.0100123396, 14467.340280511
..put_data\mineddy_003l_20080202, 914.52, ABOVE, 1.000000, 5108.8988413155, 5348.9013804539, 13952.979165298
..put_data\mineddy_003l_20080202, 914.62, ABOVE, 1.000000, 5038.8154902926, 5275.9434620501, 13445.571568937
..put_data\mineddy_003l_20080202, 914.72, ABOVE, 1.000000, 4963.4478089867, 5197.7716911066, 12945.433695926
..put_data\mineddy_003l_20080202, 914.82, ABOVE, 1.000000, 4881.2784120746, 5112.9667350638, 12453.057191431
..put_data\mineddy_003l_20080202, 914.92, ABOVE, 1.000000, 4775.9821853869, 5005.0851902507, 11970.000809412
..put_data\mineddy_003l_20080202, 915.02, ABOVE, 1.000000, 4652.8962781835, 4879.2147297128, 11498.695093187
..put_data\mineddy_003l_20080202, 915.12, ABOVE, 1.000000, 4533.7627329584, 4757.0819677649, 11039.347134841
..put_data\mineddy_003l_20080202, 915.22, ABOVE, 1.000000, 4400.8834051192, 4620.9438681339, 10592.047419058
..put_data\mineddy_003l_20080202, 915.32, ABOVE, 1.000000, 4229.2952956814, 4445.8550918534, 10160.518295835
..put_data\mineddy_003l_20080202, 915.42, ABOVE, 1.000000, 4082.3679615409, 4295.1626706316, 9745.2449257723
..put_data\mineddy_003l_20080202, 915.52, ABOVE, 1.000000, 3946.3737132148, 4155.3147117623, 9343.8795986456
..put_data\mineddy_003l_20080202, 915.62, ABOVE, 1.000000, 3809.423341554, 4014.597833638, 8956.072589573
..put_data\mineddy_003l_20080202, 915.72, ABOVE, 1.000000, 3688.4497233135, 3890.1064805934, 8581.3048709192
..put_data\mineddy_003l_20080202, 915.82, ABOVE, 1.000000, 3576.2261304953, 3774.4770174114, 8218.1304473443
..put_data\mineddy_003l_20080202, 915.92, ABOVE, 1.000000, 3464.058928157, 3658.9142438379, 7866.1637648045
..put_data\mineddy_003l_20080202, 916.02, ABOVE, 1.000000, 3355.6694142192, 3547.2822060257, 7525.1962978713
..put_data\mineddy_003l_20080202, 916.12, ABOVE, 1.000000, 3253.5106415266, 3442.0125099145, 7194.7966011166
..put_data\mineddy_003l_20080202, 916.22, ABOVE, 1.000000, 3159.5488464207, 3344.9742994615, 6874.2054658665
..put_data\mineddy_003l_20080202, 916.32, ABOVE, 1.000000, 3071.1286487582, 3253.5859668144, 6562.6230319216
..put_data\mineddy_003l_20080202, 916.42, ABOVE, 1.000000, 2982.7980098416, 3162.3298860377, 6259.9982446436
..put_data\mineddy_003l_20080202, 916.52, ABOVE, 1.000000, 2901.348221115, 3077.901367655, 5965.7630686576
..put_data\mineddy_003l_20080202, 916.62, ABOVE, 1.000000, 2814.4600714422, 2987.9834629107, 5679.9756051758
..put_data\mineddy_003l_20080202, 916.72, ABOVE, 1.000000, 2749.0627300435, 2919.710333731, 5401.9942938948
..put_data\mineddy_003l_20080202, 916.82, ABOVE, 1.000000, 2690.478345939, 2858.233873044, 5130.0229277654
..put_data\mineddy_003l_20080202, 916.92, ABOVE, 1.000000, 2632.5331978728, 2797.301238335, 4863.8708287378
..put_data\mineddy_003l_20080202, 917.02, ABOVE, 1.000000, 2569.4384099045, 2731.0875622889, 4603.6987321354
..put_data\mineddy_003l_20080202, 917.12, ABOVE, 1.000000, 2495.9746297916, 2654.3030500513, 4350.5540541386
..put_data\mineddy_003l_20080202, 917.22, ABOVE, 1.000000, 2429.1147668228, 2583.9486032927, 4104.2478974995
..put_data\mineddy_003l_20080202, 917.32, ABOVE, 1.000000, 2360.6620410651, 2511.9356178714, 3864.6898583065
..put_data\mineddy_003l_20080202, 917.42, ABOVE, 1.000000, 2273.0900067887, 2420.5969039172, 3632.7158538635
..put_data\mineddy_003l_20080202, 917.52, ABOVE, 1.000000, 2173.3734598652, 2316.7687378974, 3410.425520987
..put_data\mineddy_003l_20080202, 917.62, ABOVE, 1.000000, 2071.9756257858, 2211.0423723608, 3198.1488854441
..put_data\mineddy_003l_20080202, 917.72, ABOVE, 1.000000, 1958.3189935698, 2093.0600250897, 2996.4555237963
..put_data\mineddy_003l_20080202, 917.82, ABOVE, 1.000000, 1843.2891204766, 1973.8164042885, 2806.4711160005
..put_data\mineddy_003l_20080202, 917.92, ABOVE, 1.000000, 1743.6588581634, 1870.1555117113, 2627.2737324965
..put_data\mineddy_003l_20080202, 918.02, ABOVE, 1.000000, 1646.4794120141, 1769.0338111265, 2457.722209176
..put_data\mineddy_003l_20080202, 918.12, ABOVE, 1.000000, 1551.0705774184, 1669.8468582546, 2297.8832751458
..put_data\mineddy_003l_20080202, 918.22, ABOVE, 1.000000, 1460.2936241959, 1575.4065279326, 2147.2977129862
..put_data\mineddy_003l_20080202, 918.32, ABOVE, 1.000000, 1365.6852089285, 1477.2782697444, 2005.9911364799
..put_data\mineddy_003l_20080202, 918.42, ABOVE, 1.000000, 1274.3875486366, 1382.5675026043, 1873.9944495273
..put_data\mineddy_003l_20080202, 918.52, ABOVE, 1.000000, 1189.6317041459, 1294.5760334772, 1750.8676966046
..put_data\mineddy_003l_20080202, 918.62, ABOVE, 1.000000, 1098.0422107228, 1199.986047752, 1636.4369196892
..put_data\mineddy_003l_20080202, 918.72, ABOVE, 1.000000, 1011.0604335162, 1110.0791250274, 1531.0709487539
..put_data\mineddy_003l_20080202, 918.82, ABOVE, 1.000000, 928.27509111611, 1024.4668595148, 1434.0633875334
..put_data\mineddy_003l_20080202, 918.92, ABOVE, 1.000000, 848.47990241185, 942.00190698857, 1345.2368043464
..put_data\mineddy_003l_20080202, 919.02, ABOVE, 1.000000, 779.50148002093, 870.62052701512, 1264.0990698973
..put_data\mineddy_003l_20080202, 919.12, ABOVE, 1.000000, 731.40705594313, 820.4045563142, 1188.6764156037
..put_data\mineddy_003l_20080202, 919.22, ABOVE, 1.000000, 691.78800910826, 778.83065223135, 1117.5300959931
..put_data\mineddy_003l_20080202, 919.32, ABOVE, 1.000000, 653.68675849789, 738.79769853497, 1050.285771977
..put_data\mineddy_003l_20080202, 919.42, ABOVE, 1.000000, 618.43473122109, 701.7180087587, 986.71001349862
..put_data\mineddy_003l_20080202, 919.52, ABOVE, 1.000000, 586.26583290917, 667.86372057291, 926.50974844412
..put_data\mineddy_003l_20080202, 919.62, ABOVE, 1.000000, 557.71231111834, 637.78358631898, 869.33780545722
..put_data\mineddy_003l_20080202, 919.72, ABOVE, 1.000000, 531.08968843753, 609.77772563078, 814.90320723652
..put_data\mineddy_003l_20080202, 919.82, ABOVE, 1.000000, 504.02519124081, 581.23981671381, 763.12978688962
..put_data\mineddy_003l_20080202, 919.92, ABOVE, 1.000000, 477.15624018789, 552.82599285458, 714.07476741307
..put_data\mineddy_003l_20080202, 920.02, ABOVE, 1.000000, 452.79162606367, 526.97583584385, 667.6045934262
..put_data\mineddy_003l_20080202, 920.12, ABOVE, 1.000000, 426.8568837858, 499.59189662233, 623.58596182219
..put_data\mineddy_003l_20080202, 920.22, ABOVE, 1.000000, 400.68750123199,  472.079580359, 582.21607990554
..put_data\mineddy_003l_20080202, 920.32, ABOVE, 1.000000, 371.61026776721, 441.78266003882, 543.46213116087
..put_data\mineddy_003l_20080202, 920.42, ABOVE, 1.000000, 334.23262237645, 403.19422194438, 508.2492025268
..put_data\mineddy_003l_20080202, 920.52, ABOVE, 1.000000, 311.18511015756, 379.04200185631, 476.01867764409
..put_data\mineddy_003l_20080202, 920.62, ABOVE, 1.000000, 290.59207642554, 357.25917449807, 446.00026226378
..put_data\mineddy_003l_20080202, 920.72, ABOVE, 1.000000, 272.26337255399, 337.48589777315, 417.84151440313
..put_data\mineddy_003l_20080202, 920.82, ABOVE, 1.000000, 254.82096755334, 318.4462860854, 391.49668396536
..put_data\mineddy_003l_20080202, 920.92, ABOVE, 1.000000, 237.88219931874, 299.62111905287, 366.90310917236
..put_data\mineddy_003l_20080202, 921.02, ABOVE, 1.000000, 226.78130923568, 286.35225826477, 343.67887296759
..put_data\mineddy_003l_20080202, 921.12, ABOVE, 1.000000, 216.83272903576, 274.10185087783, 321.50394848864
..put_data\mineddy_003l_20080202, 921.22, ABOVE, 1.000000, 206.9023147729, 261.73181096785, 300.33355020949
..put_data\mineddy_003l_20080202, 921.32, ABOVE, 1.000000, 197.68638868922, 250.02292456443, 280.10885877451
..put_data\mineddy_003l_20080202, 921.42, ABOVE, 1.000000, 189.30843788067, 239.07084637111, 260.76515288095
..put_data\mineddy_003l_20080202, 921.52, ABOVE, 1.000000, 181.33445499544, 228.49028405078, 242.23433401822
..put_data\mineddy_003l_20080202, 921.62, ABOVE, 1.000000, 173.56252995421, 218.10607200437, 224.49186036683
..put_data\mineddy_003l_20080202, 921.72, ABOVE, 1.000000, 166.27131574101, 208.13016084443, 207.50456039734
..put_data\mineddy_003l_20080202, 921.82, ABOVE, 1.000000, 159.23049430851, 198.38700904945, 191.23020904377
..put_data\mineddy_003l_20080202, 921.92, ABOVE, 1.000000, 152.10173924965, 188.58510857936, 175.66189671338
..put_data\mineddy_003l_20080202, 922.02, ABOVE, 1.000000, 144.91616676115, 178.95437307741, 160.81328527954
..put_data\mineddy_003l_20080202, 922.12, ABOVE, 1.000000, 137.55221301469, 169.48208437854, 146.68722873685
..put_data\mineddy_003l_20080202, 922.22, ABOVE, 1.000000, 130.00455801424, 159.94917883995, 133.3159837162
..put_data\mineddy_003l_20080202, 922.32, ABOVE, 1.000000, 122.79564105889, 150.77094559586, 120.67687373514
..put_data\mineddy_003l_20080202, 922.42, ABOVE, 1.000000, 116.03293525057, 142.02933825962, 108.73607533287
..put_data\mineddy_003l_20080202, 922.52, ABOVE, 1.000000, 109.68162946662, 133.6852033083, 97.460015913818
..put_data\mineddy_003l_20080202, 922.62, ABOVE, 1.000000, 103.97917717087, 125.97678874236, 86.77827201747
..put_data\mineddy_003l_20080202, 922.72, ABOVE, 1.000000, 98.427745376645, 118.43049985187, 76.658968672799
..put_data\mineddy_003l_20080202, 922.82, ABOVE, 1.000000, 93.038243506954, 111.05860568771, 67.087259095422
..put_data\mineddy_003l_20080202, 922.92, ABOVE, 1.000000, 87.714535824405, 103.77231144711, 58.04973520647
..put_data\mineddy_003l_20080202, 923.02, ABOVE, 1.000000, 82.430587318789, 96.549483952595, 49.543115892906
..put_data\mineddy_003l_20080202, 923.12, ABOVE, 1.000000, 77.240428490309, 89.451023051023, 41.560536713336
..put_data\mineddy_003l_20080202, 923.22, ABOVE, 1.000000, 72.002506688555, 82.36568586309, 34.097082549998
..put_data\mineddy_003l_20080202, 923.32, ABOVE, 1.000000, 66.042114122387, 74.707425544103, 27.181833323014
..put_data\mineddy_003l_20080202, 923.42, ABOVE, 1.000000, 59.414731935135, 66.554533217172, 20.906938083217
..put_data\mineddy_003l_20080202, 923.52, ABOVE, 1.000000, 51.664122293159, 57.365436174916, 15.334138646799
..put_data\mineddy_003l_20080202, 923.62, ABOVE, 1.000000, 41.960306010106, 46.351411285042, 10.648425104238
..put_data\mineddy_003l_20080202, 923.72, ABOVE, 1.000000, 32.369489457221, 35.53917882396, 6.9362475569173
..put_data\mineddy_003l_20080202, 923.82, ABOVE, 1.000000, 23.103744715512, 25.187121208283, 4.1671916024465
..put_data\mineddy_003l_20080202, 923.92, ABOVE, 1.000000, 14.988131694827, 16.24414228635, 2.2764271860204
..put_data\mineddy_003l_20080202, 924.02, ABOVE, 1.000000, 9.2314838572196, 9.9833041952486, 1.0854671561135
..put_data\mineddy_003l_20080202, 924.12, ABOVE, 1.000000, 4.9089844788482, 5.2985150727577, 0.387608829067
..put_data\mineddy_003l_20080202, 924.22, ABOVE, 1.000000, 1.634839569429, 1.7708545796892, 0.074051576085943
..put_data\mineddy_003l_20080202, 924.32, ABOVE, 1.000000, 0.14315034495134, 0.15740660442629, 0.0023681241334545
..put_data\mineddy_003l_20080202, 924.42, ABOVE, 1.000000,              0,              0,              0
